000110
000121
000367
000436
000507
000508
000639
000804
000894
000932
000933
001115
001116
001182
001189
001203
001204
001309
001355
001356
001358
001448
001485
001547
001571
001572
001584
001585
001603
001720
001721
001722
001914
002000
002005
002006
002015
002016
002061
002146
002147
002166
002176
002227
002228
002317
002331
002425
002494
002513
002602
002612
002613
002640
002660
002668
002690
002691
002745
002767
002783
002784
002792
002793
002908
002923
003044
003045
003126
003127
003161
003295
003331
003476
003697
003813
003877
003878
003900
004005
004006
004081
004082
004083
004084
004100
004129
004130
004131
004132
004202
004218
004225
004226
004227
004228
004258
004259
004265
004274
004275
004278
004279
004280
004301
004302
004340
004361
004362
004405
004406
004413
004436
004437
004442
004455
004457
004495
004517
004648
004657
004658
004680
004710
004720
004721
004738
004739
004756
004757
004760
004761
004772
004773
004774
004823
004824
004852
004853
004888
004889
004900
004901
004913
004914
004916
004946
004947
004965
004966
004988
004989
005014
005015
005039
005040
005059
005128
005140
005141
005166
005167
005177
005178
005274
005329
005330
005416
005417
005523
005524
005652
005653
005664
005665
005679
005686
005706
005823
005824
005876
005877
005943
005944
005955
005956
005974
005975
005984
005985
006005
006006
006013
006014
006175
006176
006190
006353
006398
006399
006535
006536
006586
006700
006701
006843
006844
006845
006952
006972
006973
007251
007318
007385
007387
007415
007416
007502
007569
007575
007577
007669
007725
007726
007735
007749
007781
007848
007884
008025
008026
008058
008059
008119
008209
008210
008263
008324
008325
008336
008337
008356
008384
008385
008416
008417
008420
008421
008456
008457
008488
008499
008500
008513
008514
008541
008542
008547
008563
008564
008629
008630
008664
008665
008666
008667
008719
008720
008723
008757
008758
008770
008773
008809
008810
008833
008834
008846
008847
008869
008870
008893
008894
008905
008906
008918
008979
008990
009005
009006
009015
009016
009031
009032
009054
009064
009065
009077
009078
009096
009097
009100
009101
009121
009124
009125
009130
009131
009133
009134
009135
009136
009154
009155
009156
009157
009164
009165
009181
009182
009201
009202
009205
009206
009230
009231
009232
009233
009244
009245
009247
009248
009249
009250
009260
009261
009266
009268
009269
009285
009286
009296
009297
009308
009332
009333
009345
009346
009377
009378
009387
009388
009395
009400
009401
009412
009413
009415
009416
009419
009420
009423
009424
009426
009427
009428
009429
009448
009449
009475
009493
009494
009499
009515
009516
009525
009526
009536
009558
009559
009568
009569
009606
009607
009611
009612
009621
009622
009634
009635
009648
009653
009654
009667
009668
009671
009672
009691
009692
009700
009701
009716
009717
009718
009719
009725
009736
009737
009755
009766
009767
009796
009797
009806
009807
009810
009811
009812
009813
009817
009818
009819
009820
009821
009822
009823
009829
009830
009842
009849
009900
009901
009902
009903
009927
009928
009932
009937
009938
009956
009957
009965
009966
009977
009978
010006
010007
010018
010019
010029
010030
010036
010038
010043
010044
010045
010056
010057
010058
010081
010082
010170
010171
010188
010189
010205
010206
010211
010212
010215
010216
010219
010222
010228
010229
010230
010231
010239
010242
010243
010244
010257
010268
010269
010292
010369
010370
010373
010374
010401
010402
010404
010408
010439
010444
010445
010465
010466
010480
010503
010504
010515
010522
010523
010525
010532
010533
010534
010535
010539
010540
010541
010542
010543
010544
010545
010546
010547
010548
010560
010589
010590
010605
010606
010636
010637
010640
010641
010657
010658
010661
010683
010684
010688
010689
010700
010707
010708
010712
010713
010725
010726
010742
010743
010747
010748
010775
010776
010781
010782
010797
010798
010807
010813
010814
010817
010818
010819
010820
010830
010831
010832
010833
010834
010835
010843
010844
010845
010850
010851
010863
010868
010869
010870
010879
010880
010881
010882
010890
010891
010900
010901
010904
010905
010906
010907
010916
010919
010920
010923
010924
010931
010932
010934
010935
010940
010941
010942
010943
010971
010972
010981
010982
010984
010985
011004
011015
011016
011017
011018
011019
011027
011028
011033
011034
011044
011045
011048
011049
011050
011051
011052
011053
011064
011065
011071
011072
011073
011074
011095
011096
011105
011106
011118
011119
011175
011176
011190
011191
011192
011193
011208
011209
011231
011232
011243
011244
011249
011250
011256
011257
011267
011268
011290
011291
011293
011302
011303
011336
011337
011347
011348
011351
011352
011353
011354
011359
011360
011376
011387
011388
011390
011393
011394
011395
011396
011397
011398
011408
011409
011414
011415
011442
011443
011494
011495
011504
011505
011508
011509
011510
011511
011514
011515
011516
011517
011521
011522
011525
011526
011527
011528
011532
011533
011534
011535
011536
011537
011538
011539
011548
011549
011552
011553
011554
011555
011558
011559
011562
011563
011564
011572
011573
011576
011577
011702
011713
011714
011720
011721
011727
011728
011729
011730
011734
011735
011736
011737
011743
011744
011746
011747
011761
011762
011767
011768
011769
011770
011773
011774
011775
011776
011779
011780
011781
011782
011784
011785
011786
011787
011788
011789
011791
011792
011798
011799
011801
011802
011803
011804
011811
011812
011816
011818
011819
011872
011873
011913
011914
011945
011989
011990
011991
011992
011997
011998
012005
012006
012010
012011
012014
012015
012023
012024
012025
012026
012027
012028
012029
012030
012052
012053
012054
012055
012065
012066
012069
012070
012077
012078
012088
012089
012111
012112
012113
012114
012121
012122
012135
012137
012138
012139
012161
012162
012170
012171
012195
012218
012219
012220
012248
012249
012252
012253
012254
012256
012257
012268
012269
012270
012271
012277
012278
012281
012287
012292
012293
012299
012300
012334
012335
012366
012367
012377
012378
012408
012409
012430
012435
012436
012442
012443
012444
012459
012460
012471
012472
012479
012480
012485
012486
012487
012488
012521
012522
012525
012572
012573
012576
012577
012594
012595
012609
012610
012661
012662
012667
012668
012681
012682
012683
012684
012701
012702
012812
012813
012821
012822
012826
012827
012828
012829
012833
012834
012943
012944
012945
012946
012949
012950
012951
012952
012953
012954
012955
012956
012965
012966
012991
012992
012998
012999
013041
013042
013101
013102
013113
013114
013143
013144
013184
013185
013189
013190
013191
013193
013194
013225
013226
013243
013244
013248
013249
013260
013261
013267
013268
013321
013322
013353
013354
013360
013377
013517
013518
013524
013525
013540
013569
013570
013581
013582
013595
013611
013612
013632
013633
013634
013635
013657
013658
013676
013677
013678
013679
013694
013695
013714
013715
013726
013727
013742
013747
013748
013765
013766
013769
013770
013785
013824
013830
013831
013880
013912
013913
013929
013930
013938
013967
013968
013969
013970
013980
013981
013985
013986
013995
013996
013998
013999
014053
014054
014094
014095
014148
014149
014158
014159
014160
014161
014291
014354
014355
014360
014361
014362
014363
014440
014441
014554
014555
014573
014576
014579
014580
014593
014615
014616
014619
014620
014621
014622
014625
014626
014657
014658
014678
014679
014693
014694
014697
014698
014730
014731
014752
014753
014759
014760
014767
014768
014799
014800
014803
014804
014809
014810
014850
014851
014852
014853
014888
014889
014892
014893
014900
014901
014904
014905
014926
014944
014945
015012
015013
015047
015067
015089
015098
015099
015125
015126
015133
015134
015160
015161
015235
015236
015258
015259
015268
015269
015272
015273
015406
015407
015578
015579
015595
015817
015824
016071
016181
016259
016344
016509
016528
016529
016545
016546
016547
016548
016594
016599
016637
016638
016641
016642
016645
016646
016654
016655
016678
016679
016682
016683
016826
016827
016830
016831
016832
016833
016834
016835
016844
016845
016863
016864
016995
016996
017011
017012
017013
017014
017060
017061
017077
017078
017079
017080
017081
017082
017083
017084
017096
017097
017118
017119
017151
017220
017221
017224
017225
017232
017233
017265
017266
017298
017299
017389
017390
017414
017421
017422
017454
017455
017464
017465
017507
017508
017540
017541
017553
017568
017569
017575
017576
017615
017616
017617
017618
017619
017620
017624
017625
017689
017692
017739
017769
017770
017886
017887
017912
017913
017957
018037
018040
018041
018054
018055
018198
018199
018212
018213
018250
018251
018455
018456
018465
018466
018493
018494
018525
018526
018539
018540
018603
018620
018621
018626
018627
018635
018636
018648
018703
018704
019065
019110
019130
019131
019148
019187
019188
019195
019242
019349
019350
019370
019651
019660
019692
019693
019697
019698
019699
019712
019713
019718
019719
019727
019728
019752
019753
019787
019788
019926
020098
020099
020326
020354
020355
020358
020359
020366
020385
020386
020623
020929
021164
021312
021599
021795
021796
021821
021845
021871
022047
022076
022161
022193
022194
022283
022296
022298
022361
022369
022370
022372
022373
022478
022507
022547
022548
022550
022551
022554
022555
022556
022596
022970
022985
023013
023014
023049
023054
023081
023134
023232
023233
023244
023245
023354
023417
023443
023542
023543
023606
023667
023770
023868
023924
023978
024164
024191
024511
024638
024639
024645
024646
025116
025214
025215
025352
025353
025355
025356
025358
025359
025425
025434
090006
091006
121001
128001
151002
160323
162205
167003
169106
169108
210006
340001
420009
501053
501073
519937
540001
540004
541001
541004
920187
970115
970119
970120
970121
970193
