000006
000017
000020
000021
000031
000039
000057
000061
000066
000083
000117
000120
000124
000127
000155
000158
000159
000166
000172
000173
000199
000209
000220
000251
000263
000294
000308
000327
000339
000354
000432
000522
000532
000547
000550
000551
000565
000589
000591
000601
000612
000646
000800
000940
000941
000965
001000
001076
001088
001118
001256
001267
001268
001269
001306
001307
001349
001382
001403
001463
001475
001513
001558
001559
001723
001811
001881
001882
001883
001884
001885
001886
001888
001900
001955
001980
001985
002305
002340
002419
002553
002562
002593
002598
002599
002692
002708
003032
003095
003096
003284
003494
003567
003751
003822
003823
004076
004148
004183
004221
004231
004232
004233
004236
004237
004250
004332
004351
004374
004375
004393
004424
004434
004435
004477
004505
004703
004845
004846
004868
004871
004926
004927
004936
004937
004959
005001
005004
005005
005006
005041
005042
005043
005044
005075
005082
005083
005090
005091
005094
005104
005105
005126
005136
005164
005165
005207
005228
005233
005241
005242
005250
005296
005297
005311
005312
005335
005347
005351
005352
005353
005379
005399
005409
005445
005449
005474
005475
005498
005504
005521
005598
005609
005630
005632
005634
005638
005644
005701
005708
005729
005739
005760
005765
005774
005787
005805
005819
005827
005840
005844
005847
005848
005875
005888
005889
005904
005905
005911
005914
005937
005938
005939
005940
005967
006007
006008
006022
006025
006038
006049
006050
006058
006072
006111
006113
006121
006122
006123
006124
006128
006132
006133
006136
006154
006160
006161
006167
006168
006179
006202
006218
006223
006227
006230
006233
006234
006235
006240
006241
006243
006250
006259
006260
006266
006269
006270
006271
006274
006281
006299
006302
006313
006314
006315
006323
006324
006336
006345
006348
006364
006365
006366
006369
006396
006397
006408
006424
006425
006429
006430
006435
006477
006511
006512
006522
006523
006527
006528
006529
006530
006533
006537
006538
006539
006540
006541
006551
006556
006557
006564
006568
006573
006574
006595
006608
006615
006616
006642
006644
006648
006649
006652
006718
006719
006720
006721
006736
006759
006768
006769
006775
006780
006785
006796
006801
006802
006813
006863
006864
006877
006878
006879
006881
006882
006883
006887
006888
006890
006904
006905
006921
006969
006976
006977
006992
007012
007013
007016
007046
007047
007056
007063
007066
007067
007082
007083
007084
007101
007109
007110
007113
007114
007119
007120
007126
007127
007132
007139
007146
007151
007152
007163
007164
007177
007182
007183
007192
007193
007203
007207
007217
007254
007261
007277
007291
007303
007304
007305
007306
007307
007308
007340
007341
007343
007346
007349
007350
007353
007368
007369
007381
007382
007412
007439
007449
007450
007460
007463
007468
007469
007481
007484
007490
007491
007493
007494
007499
007518
007519
007533
007534
007570
007592
007689
007690
007713
007718
007731
007732
007733
007734
007770
007771
007775
007776
007777
007802
007803
007825
007826
007827
007835
007854
007861
007862
007880
007881
007893
007894
007895
007944
007968
008037
008038
008050
008051
008063
008065
008066
008077
008082
008083
008091
008092
008099
008116
008120
008121
008131
008132
008133
008135
008137
008138
008150
008174
008175
008178
008179
008180
008181
008185
008186
008187
008188
008227
008228
008244
008245
008246
008251
008252
008260
008269
008270
008271
008272
008273
008274
008275
008276
008277
008290
008293
008297
008305
008308
008311
008312
008313
008317
008318
008319
008328
008347
008348
008353
008354
008359
008370
008371
008372
008373
008374
008375
008376
008378
008381
008404
008405
008415
008422
008423
008424
008425
008467
008468
008477
008480
008481
008491
008492
008507
008515
008528
008531
008532
008545
008546
008555
008576
008577
008602
008603
008633
008634
008635
008638
008640
008641
008655
008656
008657
008671
008681
008704
008705
008712
008716
008734
008793
008794
008811
008819
008840
008841
008891
008892
008901
008903
008919
008920
008949
008950
008954
008955
008961
008962
008963
008969
008970
008978
008980
008981
008983
008984
008988
008989
008997
008998
009007
009008
009009
009010
009011
009014
009023
009024
009025
009026
009029
009030
009048
009049
009055
009056
009057
009058
009062
009063
009076
009085
009086
009092
009098
009102
009103
009119
009120
009128
009129
009132
009137
009138
009139
009141
009142
009152
009153
009188
009189
009190
009199
009210
009211
009223
009224
009234
009241
009242
009243
009246
009263
009264
009275
009312
009313
009314
009318
009319
009327
009328
009330
009331
009334
009342
009347
009348
009353
009354
009360
009361
009362
009363
009364
009365
009366
009367
009368
009369
009376
009380
009381
009382
009391
009392
009394
009402
009411
009432
009433
009437
009438
009447
009467
009468
009469
009474
009486
009487
009488
009489
009490
009500
009501
009507
009508
009511
009531
009539
009540
009542
009548
009549
009556
009564
009565
009566
009570
009571
009576
009596
009597
009618
009619
009620
009623
009630
009631
009636
009640
009641
009644
009645
009646
009647
009651
009652
009659
009660
009661
009662
009663
009664
009665
009669
009681
009682
009683
009684
009686
009687
009688
009693
009695
009696
009697
009698
009704
009705
009707
009708
009714
009720
009750
009751
009774
009776
009777
009778
009779
009781
009782
009783
009789
009791
009795
009798
009800
009801
009804
009808
009837
009838
009840
009841
009846
009847
009848
009853
009854
009855
009856
009859
009861
009862
009867
009868
009869
009870
009872
009873
009878
009879
009880
009882
009883
009885
009886
009892
009893
009909
009910
009913
009914
009929
009930
009931
009939
009950
009958
009959
009960
009968
009969
009970
009983
009984
009986
009987
009989
009990
009991
009992
009993
009994
009995
009998
009999
010008
010009
010016
010017
010020
010022
010023
010025
010026
010027
010032
010033
010034
010037
010041
010042
010049
010050
010054
010055
010062
010063
010072
010073
010080
010088
010089
010090
010091
010094
010104
010105
010106
010107
010108
010109
010110
010111
010114
010115
010116
010117
010122
010123
010124
010125
010126
010127
010132
010133
010134
010135
010136
010137
010138
010143
010147
010148
010149
010155
010156
010163
010164
010166
010176
010177
010178
010179
010180
010181
010182
010186
010187
010190
010198
010201
010213
010214
010220
010221
010225
010234
010237
010238
010246
010264
010265
010271
010272
010273
010274
010275
010276
010282
010283
010284
010285
010286
010287
010289
010291
010293
010296
010297
010298
010299
010300
010301
010302
010303
010304
010305
010306
010312
010313
010314
010326
010327
010330
010333
010334
010335
010336
010337
010338
010339
010340
010345
010346
010347
010348
010350
010357
010358
010363
010371
010372
010375
010376
010377
010378
010381
010382
010383
010384
010385
010386
010389
010390
010393
010394
010405
010410
010411
010412
010413
010414
010415
010416
010418
010421
010422
010423
010424
010425
010426
010427
010428
010429
010437
010438
010441
010442
010443
010447
010448
010452
010453
010454
010457
010458
010460
010481
010483
010488
010489
010490
010491
010500
010506
010518
010519
010536
010537
010549
010550
010551
010552
010553
010554
010555
010557
010558
010559
010562
010563
010570
010571
010584
010587
010588
010594
010595
010596
010599
010602
010608
010609
010610
010611
010612
010615
010616
010617
010618
010622
010623
010624
010625
010646
010647
010654
010655
010656
010659
010660
010662
010663
010664
010665
010666
010667
010670
010676
010678
010679
010690
010691
010692
010693
010694
010695
010696
010697
010698
010699
010701
010702
010706
010714
010715
010716
010717
010718
010723
010724
010728
010729
010730
010731
010732
010738
010739
010740
010741
010744
010745
010746
010751
010752
010755
010761
010764
010779
010780
010783
010784
010787
010788
010790
010791
010792
010793
010795
010796
010808
010809
010824
010825
010826
010827
010841
010842
010846
010847
010849
010852
010853
010862
010864
010865
010874
010875
010876
010877
010878
010885
010886
010887
010888
010889
010894
010895
010898
010912
010913
010914
010915
010922
010925
010926
010929
010930
010936
010937
010944
010945
010947
010948
010949
010962
010963
010965
010966
010967
010968
010969
010970
010977
010978
010987
010988
010994
010995
010996
010997
011001
011002
011003
011006
011011
011021
011022
011032
011037
011046
011047
011058
011059
011060
011068
011069
011070
011078
011081
011097
011098
011099
011100
011111
011112
011113
011117
011120
011121
011124
011128
011129
011130
011134
011135
011136
011137
011138
011139
011140
011144
011145
011151
011152
011153
011154
011155
011156
011159
011160
011161
011162
011163
011164
011165
011167
011169
011170
011171
011173
011174
011177
011178
011181
011182
011184
011185
011186
011188
011189
011194
011195
011196
011197
011201
011202
011203
011204
011206
011207
011212
011213
011216
011217
011223
011228
011238
011239
011240
011241
011246
011247
011248
011251
011252
011259
011260
011261
011264
011271
011272
011273
011274
011275
011276
011277
011278
011279
011282
011283
011284
011287
011288
011289
011296
011297
011300
011301
011304
011305
011306
011308
011309
011313
011314
011315
011331
011332
011333
011334
011335
011338
011339
011340
011341
011344
011345
011346
011355
011356
011357
011358
011367
011368
011369
011370
011371
011372
011383
011389
011392
011399
011400
011401
011402
011403
011404
011405
011410
011411
011412
011427
011428
011429
011430
011431
011432
011435
011436
011446
011447
011450
011451
011452
011453
011454
011455
011456
011458
011459
011460
011461
011462
011466
011467
011468
011469
011471
011472
011474
011475
011479
011480
011481
011486
011487
011488
011500
011503
011518
011523
011524
011531
011542
011550
011551
011556
011565
011566
011567
011568
011569
011570
011571
011574
011575
011578
011579
011585
011586
011588
011598
011599
011603
011604
011626
011627
011629
011635
011636
011637
011638
011643
011644
011649
011650
011663
011664
011665
011666
011669
011670
011673
011674
011681
011682
011687
011688
011690
011691
011692
011693
011694
011695
011704
011705
011708
011709
011710
011711
011717
011718
011724
011733
011740
011741
011748
011749
011759
011760
011765
011766
011790
011800
011805
011806
011807
011808
011813
011814
011815
011817
011820
011821
011822
011823
011826
011827
011828
011829
011830
011831
011834
011835
011837
011838
011841
011842
011843
011844
011845
011846
011847
011848
011849
011851
011852
011855
011856
011857
011862
011863
011866
011867
011868
011869
011874
011875
011876
011877
011879
011884
011885
011888
011889
011891
011892
011893
011894
011895
011899
011900
011901
011902
011903
011904
011905
011906
011908
011909
011911
011912
011917
011918
011921
011922
011924
011925
011930
011931
011932
011933
011936
011937
011938
011939
011956
011957
011969
011970
011977
011978
011980
011981
011994
012001
012002
012003
012004
012033
012034
012051
012057
012058
012067
012068
012073
012074
012079
012082
012083
012086
012087
012093
012094
012096
012097
012098
012102
012103
012107
012108
012119
012120
012123
012124
012125
012130
012131
012132
012143
012144
012147
012148
012149
012150
012153
012154
012155
012156
012159
012160
012173
012174
012177
012178
012182
012183
012184
012185
012186
012187
012188
012189
012196
012197
012198
012199
012202
012203
012221
012222
012223
012224
012225
012226
012227
012228
012234
012235
012236
012241
012243
012255
012258
012259
012260
012261
012262
012263
012284
012294
012297
012298
012301
012308
012309
012312
012313
012314
012342
012343
012344
012345
012346
012347
012354
012355
012358
012359
012368
012369
012370
012373
012374
012382
012383
012387
012388
012389
012390
012391
012406
012407
012410
012411
012412
012420
012421
012422
012428
012429
012434
012437
012438
012439
012447
012448
012449
012454
012455
012456
012457
012463
012464
012466
012467
012473
012474
012475
012476
012477
012478
012481
012482
012483
012484
012493
012494
012495
012502
012506
012507
012510
012511
012519
012520
012523
012524
012526
012527
012528
012529
012530
012533
012534
012541
012542
012545
012546
012556
012557
012558
012568
012569
012578
012579
012582
012583
012588
012589
012608
012613
012614
012616
012617
012621
012640
012641
012647
012650
012651
012669
012670
012671
012672
012688
012689
012690
012691
012703
012706
012707
012710
012715
012719
012720
012744
012748
012749
012758
012765
012766
012767
012770
012778
012779
012780
012785
012786
012793
012816
012817
012820
012839
012840
012844
012845
012846
012848
012849
012850
012851
012852
012853
012876
012877
012878
012879
012880
012881
012888
012889
012892
012893
012904
012905
012906
012913
012914
012917
012918
012967
012968
012971
012972
012975
012976
012977
012978
012981
012982
012985
012986
012987
012988
012993
012994
012995
013000
013001
013006
013007
013009
013010
013021
013023
013024
013027
013033
013034
013037
013038
013044
013045
013046
013047
013051
013052
013067
013072
013073
013078
013079
013085
013086
013091
013092
013095
013096
013103
013104
013107
013108
013109
013110
013123
013124
013137
013141
013145
013147
013148
013160
013161
013166
013167
013173
013175
013176
013209
013210
013220
013221
013238
013239
013247
013250
013269
013270
013271
013274
013289
013290
013293
013294
013295
013296
013312
013323
013324
013326
013327
013334
013335
013341
013342
013345
013346
013348
013349
013356
013357
013358
013359
013365
013366
013367
013368
013369
013370
013383
013384
013385
013386
013387
013388
013389
013390
013392
013393
013394
013395
013396
013417
013418
013422
013426
013427
013430
013431
013432
013435
013436
013439
013440
013450
013451
013461
013462
013463
013464
013469
013470
013483
013485
013486
013495
013496
013504
013506
013507
013513
013514
013526
013530
013531
013533
013534
013535
013550
013551
013552
013553
013554
013555
013556
013557
013559
013560
013561
013562
013575
013576
013590
013591
013603
013604
013607
013608
013610
013616
013617
013621
013623
013624
013625
013630
013631
013636
013637
013638
013655
013659
013660
013661
013662
013665
013666
013674
013675
013680
013681
013686
013687
013688
013693
013711
013721
013722
013733
013734
013755
013756
013757
013758
013767
013768
013771
013772
013774
013775
013776
013777
013783
013784
013797
013798
013812
013813
013836
013837
013840
013841
013842
013843
013846
013847
013848
013851
013852
013853
013854
013855
013856
013859
013860
013861
013862
013867
013868
013871
013872
013882
013883
013885
013886
013887
013890
013891
013892
013895
013896
013910
013911
013914
013915
013916
013917
013934
013935
013936
013937
013939
013949
013950
013955
013956
013957
013958
013959
013960
013961
013962
013963
013983
013984
013991
013992
013993
013994
014007
014008
014011
014016
014017
014020
014021
014023
014024
014025
014029
014030
014031
014032
014036
014037
014038
014039
014040
014041
014044
014045
014049
014050
014057
014058
014068
014069
014074
014075
014080
014103
014104
014107
014108
014109
014114
014115
014119
014120
014131
014132
014135
014136
014141
014142
014143
014144
014145
014151
014152
014157
014162
014164
014171
014175
014176
014177
014178
014179
014180
014181
014189
014190
014199
014200
014203
014204
014207
014208
014210
014211
014214
014215
014220
014221
014224
014225
014228
014229
014232
014233
014235
014236
014239
014241
014243
014244
014245
014254
014255
014261
014262
014263
014264
014267
014268
014269
014270
014271
014272
014273
014274
014275
014276
014277
014278
014279
014280
014282
014283
014287
014292
014293
014294
014307
014308
014311
014312
014313
014314
014317
014318
014319
014320
014325
014326
014327
014328
014329
014330
014333
014334
014335
014339
014340
014346
014347
014348
014350
014351
014352
014353
014356
014357
014373
014389
014390
014401
014402
014404
014405
014408
014409
014410
014411
014412
014413
014420
014421
014422
014423
014449
014450
014454
014460
014461
014462
014463
014466
014467
014472
014473
014478
014479
014482
014483
014488
014489
014497
014498
014506
014507
014508
014509
014513
014514
014522
014523
014524
014525
014526
014527
014538
014539
014540
014541
014542
014545
014546
014558
014559
014560
014561
014562
014563
014572
014574
014575
014585
014586
014591
014592
014600
014601
014606
014607
014611
014612
014627
014628
014639
014640
014641
014642
014647
014648
014651
014652
014653
014654
014659
014660
014663
014664
014666
014667
014677
014686
014687
014691
014692
014699
014700
014701
014702
014703
014704
014706
014707
014708
014709
014718
014719
014724
014725
014726
014727
014728
014729
014734
014735
014746
014747
014754
014755
014756
014757
014765
014766
014771
014772
014773
014774
014781
014782
014783
014784
014788
014789
014790
014791
014792
014793
014794
014795
014797
014798
014805
014806
014807
014808
014811
014812
014818
014819
014825
014826
014827
014828
014829
014830
014836
014837
014838
014839
014840
014841
014842
014849
014859
014860
014867
014869
014872
014873
014878
014879
014885
014886
014913
014914
014915
014916
014917
014918
014919
014920
014922
014923
014929
014938
014939
014946
014947
014950
014951
014953
014954
014961
014962
014963
014970
014971
014975
014976
014977
014986
014987
014988
014990
014995
014996
014999
015000
015004
015005
015006
015007
015010
015011
015026
015027
015030
015031
015032
015033
015034
015035
015036
015039
015043
015044
015056
015057
015059
015066
015071
015072
015073
015077
015079
015080
015092
015093
015094
015095
015096
015097
015100
015101
015102
015103
015104
015105
015110
015111
015116
015117
015118
015119
015127
015128
015135
015136
015137
015138
015143
015144
015150
015151
015158
015162
015163
015173
015179
015180
015181
015182
015183
015184
015187
015188
015190
015191
015192
015193
015217
015218
015219
015220
015223
015224
015227
015228
015229
015230
015233
015245
015254
015276
015277
015285
015286
015287
015288
015289
015290
015291
015292
015293
015294
015303
015304
015305
015306
015320
015321
015343
015344
015346
015357
015358
015365
015368
015369
015373
015374
015381
015382
015383
015384
015386
015396
015400
015401
015412
015413
015440
015441
015455
015456
015458
015463
015481
015485
015486
015504
015505
015506
015510
015511
015514
015515
015519
015520
015521
015522
015527
015528
015547
015548
015553
015554
015559
015560
015561
015562
015564
015565
015566
015570
015571
015582
015585
015586
015587
015592
015594
015601
015604
015605
015610
015611
015613
015614
015619
015630
015631
015633
015634
015635
015636
015637
015657
015658
015663
015664
015665
015666
015668
015669
015670
015683
015684
015687
015689
015690
015691
015692
015696
015697
015698
015699
015700
015703
015704
015715
015718
015719
015722
015724
015725
015729
015731
015732
015733
015745
015749
015750
015751
015752
015755
015756
015765
015766
015768
015769
015770
015775
015780
015781
015789
015790
015828
015829
015838
015839
015842
015843
015850
015856
015857
015880
015881
015887
015888
015900
015901
015902
015903
015911
015912
015915
015916
015927
015928
015936
015945
015947
015963
015964
015967
015968
015970
015971
015973
015974
015976
015977
015980
015981
015984
015985
015986
015987
015988
015989
015990
016021
016022
016029
016030
016045
016046
016049
016060
016064
016065
016067
016068
016075
016076
016091
016092
016097
016098
016099
016101
016102
016105
016106
016117
016118
016119
016120
016130
016131
016155
016156
016157
016158
016159
016163
016164
016165
016166
016167
016169
016173
016174
016175
016198
016234
016237
016238
016243
016244
016248
016249
016250
016251
016252
016253
016254
016255
016256
016257
016265
016266
016272
016273
016274
016275
016282
016285
016286
016287
016288
016293
016294
016297
016298
016303
016304
016305
016306
016307
016308
016311
016312
016325
016326
016332
016333
016340
016341
016345
016346
016350
016351
016370
016371
016372
016373
016375
016378
016379
016380
016381
016382
016383
016384
016385
016386
016387
016388
016389
016390
016391
016400
016402
016454
016455
016462
016464
016465
016466
016467
016475
016476
016477
016478
016485
016486
016487
016488
016492
016493
016500
016501
016502
016503
016504
016505
016507
016508
016515
016516
016517
016518
016523
016524
016525
016530
016531
016541
016542
016549
016550
016553
016554
016558
016559
016560
016561
016562
016568
016569
016570
016571
016579
016588
016589
016590
016591
016592
016593
016605
016606
016616
016623
016624
016626
016627
016632
016635
016653
016700
016703
016704
016709
016710
016713
016714
016746
016747
016751
016756
016757
016761
016762
016766
016767
016772
016773
016774
016775
016781
016782
016810
016811
016818
016819
016840
016841
016856
016857
016873
016874
016895
016896
016902
016903
016906
016912
016913
016921
016945
016961
016978
016979
016981
016997
016998
017000
017001
017026
017027
017034
017035
017036
017037
017041
017042
017043
017048
017049
017063
017064
017075
017076
017086
017087
017090
017098
017102
017103
017110
017112
017113
017114
017115
017130
017131
017142
017143
017147
017148
017154
017155
017157
017158
017170
017178
017181
017182
017195
017196
017197
017199
017200
017216
017217
017218
017219
017230
017231
017234
017244
017245
017261
017262
017290
017303
017304
017366
017400
017401
017415
017416
017418
017419
017424
017425
017426
017458
017467
017468
017477
017478
017483
017484
017486
017487
017490
017491
017501
017502
017511
017532
017533
017537
017549
017550
017551
017552
017564
017565
017598
017599
017600
017601
017602
017603
017606
017607
017608
017609
017627
017630
017631
017635
017636
017639
017640
017648
017649
017655
017656
017663
017664
017667
017668
017669
017670
017697
017698
017702
017703
017707
017715
017716
017719
017720
017721
017722
017723
017724
017732
017735
017736
017737
017738
017740
017741
017742
017743
017749
017750
017751
017752
017757
017759
017764
017765
017767
017772
017773
017784
017794
017795
017801
017802
017811
017813
017814
017821
017826
017827
017828
017829
017835
017836
017839
017840
017842
017843
017848
017849
017850
017851
017857
017858
017859
017860
017861
017866
017867
017868
017869
017876
017877
017878
017879
017881
017882
017889
017915
017927
017933
017934
017935
017936
017947
017960
017961
017962
017963
017964
017965
017968
017973
017974
017977
017978
017981
017982
017987
017988
017991
017992
017993
017994
017995
018000
018001
018002
018003
018004
018005
018008
018010
018019
018020
018029
018030
018038
018039
018052
018053
018057
018071
018072
018073
018076
018077
018088
018089
018096
018097
018101
018102
018105
018106
018118
018119
018122
018123
018124
018125
018130
018131
018139
018140
018148
018152
018159
018160
018174
018175
018176
018184
018185
018188
018189
018190
018191
018203
018204
018210
018211
018217
018218
018220
018221
018224
018225
018226
018227
018235
018236
018242
018243
018244
018245
018248
018249
018281
018282
018287
018288
018294
018295
018309
018310
018311
018325
018326
018327
018328
018329
018330
018332
018333
018338
018339
018342
018347
018350
018351
018352
018356
018358
018359
018362
018363
018364
018365
018372
018373
018375
018376
018377
018378
018381
018382
018401
018402
018404
018405
018406
018409
018410
018413
018418
018419
018424
018425
018430
018431
018434
018438
018439
018440
018441
018442
018443
018446
018447
018460
018461
018464
018469
018484
018485
018504
018505
018529
018547
018548
018549
018550
018551
018552
018553
018554
018555
018572
018573
018582
018583
018600
018611
018612
018618
018619
018638
018656
018681
018693
018698
018699
018705
018706
018707
018708
018709
018714
018715
018724
018725
018726
018727
018730
018731
018750
018751
018752
018753
018754
018755
018776
018777
018788
018789
018790
018791
018796
018797
018806
018807
018815
018816
018818
018819
018821
018822
018823
018824
018827
018828
018835
018836
018848
018862
018863
018865
018866
018868
018869
018870
018871
018872
018876
018877
018886
018887
018888
018890
018891
018901
018902
018910
018911
018916
018917
018918
018919
018930
018931
018933
018937
018938
018939
018940
018944
018945
018956
018957
018963
018973
018974
018975
018976
018983
018984
018985
018986
018987
018990
018991
018993
018994
018999
019000
019003
019004
019006
019007
019008
019009
019015
019016
019018
019020
019029
019030
019031
019034
019051
019052
019054
019055
019085
019086
019089
019092
019094
019106
019107
019108
019113
019114
019115
019116
019119
019120
019126
019127
019136
019137
019143
019144
019153
019154
019159
019160
019181
019189
019190
019194
019205
019219
019220
019225
019226
019227
019228
019234
019244
019252
019253
019255
019257
019258
019277
019278
019281
019293
019294
019295
019296
019297
019298
019299
019300
019303
019308
019309
019310
019322
019323
019328
019329
019334
019335
019336
019337
019340
019341
019342
019343
019345
019346
019347
019348
019351
019352
019353
019354
019355
019356
019357
019358
019360
019361
019362
019363
019367
019368
019371
019374
019375
019376
019379
019384
019387
019388
019389
019390
019392
019393
019394
019395
019401
019410
019411
019414
019421
019422
019423
019426
019427
019430
019431
019432
019433
019434
019435
019436
019437
019438
019440
019468
019469
019470
019471
019472
019473
019478
019497
019498
019499
019501
019521
019522
019523
019535
019536
019551
019552
019570
019571
019574
019575
019587
019588
019597
019600
019601
019610
019611
019612
019613
019617
019618
019619
019620
019621
019624
019625
019628
019629
019690
019691
019705
019706
019708
019720
019721
019722
019723
019729
019730
019740
019741
019743
019744
019747
019760
019761
019773
019774
019777
019778
019780
019781
019782
019783
019784
019789
019792
019796
019797
019800
019801
019819
019820
019821
019829
019830
019864
019865
019876
019877
019888
019889
019913
019914
019915
019925
019949
019950
019951
019952
019953
019958
019959
019960
019961
019969
019970
019972
019973
019978
019982
019983
019985
019986
019987
019988
019991
019992
019997
019998
019999
020000
020004
020010
020013
020015
020018
020023
020026
020037
020038
020052
020053
020054
020057
020058
020059
020062
020063
020064
020065
020071
020072
020075
020076
020086
020087
020090
020091
020107
020117
020118
020124
020137
020138
020139
020151
020152
020155
020158
020159
020162
020163
020168
020169
020186
020187
020193
020194
020197
020198
020206
020224
020225
020231
020233
020254
020265
020266
020267
020268
020269
020270
020287
020288
020303
020304
020305
020306
020364
020365
020383
020397
020398
020408
020409
020410
020416
020417
020419
020420
020424
020425
020428
020429
020430
020431
020440
020441
020442
020443
020444
020445
020469
020470
020474
020475
020488
020491
020492
020493
020494
020495
020496
020497
020498
020503
020510
020511
020523
020558
020559
020560
020561
020567
020568
020587
020588
020593
020594
020600
020601
020624
020637
020638
020645
020646
020648
020649
020653
020654
020657
020658
020661
020662
020669
020693
020695
020696
020755
020758
020779
020780
020799
020800
020801
020802
020803
020804
020816
020817
020821
020822
020830
020831
020842
020843
020875
020876
020877
020884
020885
020918
020919
020922
020923
020964
020966
020967
020975
020976
020977
020979
020980
020985
020986
021015
021016
021027
021028
021046
021047
021062
021094
021095
021145
021146
021147
021148
021179
021180
021181
021182
021194
021195
021198
021199
021202
021203
021204
021205
021219
021227
021247
021248
021271
021272
021273
021274
021305
021306
021308
021309
021333
021334
021364
021369
021370
021372
021373
021382
021383
021390
021391
021404
021405
021427
021428
021431
021432
021448
021450
021451
021455
021456
021476
021477
021489
021490
021491
021492
021501
021502
021510
021511
021512
021513
021514
021515
021516
021524
021525
021526
021541
021576
021577
021585
021586
021590
021591
021593
021594
021623
021624
021626
021627
021631
021632
021636
021637
021642
021647
021648
021650
021651
021655
021656
021663
021664
021665
021666
021692
021693
021699
021700
021711
021712
021726
021727
021730
021731
021734
021755
021756
021792
021793
021812
021813
021814
021815
021826
021827
021857
021858
021859
021860
021864
021865
021884
021885
021899
021900
021904
021905
021910
021911
021918
021919
021920
021925
021957
021965
021966
021967
021968
021973
021974
021975
021976
021981
021982
021985
021986
021987
021990
021991
021995
021996
022000
022001
022028
022029
022030
022038
022039
022092
022093
022115
022116
022119
022120
022148
022149
022150
022153
022154
022157
022158
022167
022195
022196
022206
022211
022212
022222
022223
022224
022225
022237
022238
022269
022270
022276
022277
022286
022287
022288
022320
022321
022332
022333
022334
022335
022336
022337
022364
022365
022368
022414
022415
022416
022417
022446
022447
022488
022489
022495
022496
022508
022520
022521
022522
022572
022573
022590
022597
022598
022607
022645
022693
022694
022700
022701
022702
022703
022704
022705
022708
022709
022717
022718
022733
022734
022740
022748
022749
022802
022803
022846
022847
022852
022853
022864
022865
022995
022996
023032
023033
023036
023037
023044
023045
023082
023083
023084
023099
023100
023103
023106
023107
023135
023136
023158
023159
023169
023170
023173
023174
023176
023193
023262
023263
023264
023265
023269
023313
023314
023344
023345
023350
023362
023363
023365
023366
023386
023387
023393
023394
023397
023398
023420
023421
023433
023434
023448
023449
023451
023452
023457
023458
023526
023527
023549
023560
023561
023566
023567
023570
023571
023584
023585
023602
023603
023623
023624
023632
023633
023674
023675
023713
023750
023751
023753
023754
023761
023762
023780
023781
023806
023807
023824
023825
023839
023840
023856
023871
023872
023875
023881
023899
023900
023915
023921
023922
023925
023931
024023
024024
024027
024028
024044
024045
024052
024053
024087
024088
024108
024114
024120
024159
024160
024171
024172
024173
024175
024176
024187
024188
024202
024203
024207
024214
024215
024235
024240
024260
024261
024262
024265
024268
024271
024272
024317
024318
024319
024320
024344
024354
024355
024356
024357
024358
024361
024362
024373
024374
024379
024380
024385
024386
024388
024389
024396
024397
024398
024399
024406
024413
024414
024421
024422
024423
024424
024427
024429
024430
024431
024432
024433
024434
024435
024436
024437
024438
024439
024440
024441
024442
024443
024444
024445
024446
024447
024448
024449
024450
024451
024454
024455
024456
024457
024458
024459
024460
024461
024462
024463
024464
024465
024466
024467
024468
024469
024470
024471
024472
024473
024474
024475
024476
024477
024480
024481
024498
024499
024500
024501
024502
024534
024535
024592
024593
024594
024595
024596
024597
024598
024599
024632
024633
024640
024641
024647
024648
024667
024672
024673
024674
024675
024676
024677
024678
024679
024680
024683
024684
024685
024686
024687
024691
024692
024693
024694
024697
024698
024699
024717
024718
024727
024729
024730
024735
024736
024737
024738
024747
024786
024787
024790
024791
024794
024795
024796
024797
024800
024801
024802
024803
024806
024807
024808
024809
024824
024825
024830
024831
024836
024837
024838
024852
024889
024914
024915
024916
024917
024918
024923
024924
024928
024929
024930
024931
024932
024933
024934
024935
024964
024965
025002
025017
025018
025022
025023
025024
025057
025058
025059
025060
025061
025065
025066
025073
025074
025075
025076
025077
025078
025094
025103
025112
025172
025173
025191
025192
025208
025209
025216
025217
025231
025232
025287
025288
025298
025299
025331
025332
025333
025349
025350
025382
025395
025408
025409
025421
025422
025428
025429
025442
025447
025448
025459
025460
025470
025471
025472
025486
025487
025499
025500
025527
025528
025542
025543
025544
025545
025557
025572
025648
025649
025656
025657
025663
025709
025710
040004
040005
040007
040008
040011
040016
040020
040025
040035
041004
041005
041007
041008
041011
050001
050004
050008
050009
050010
050014
050018
050026
050201
051001
051010
051014
051201
070001
070002
070003
070013
070017
070019
070021
070022
070027
070032
070099
080001
080005
080012
090007
090009
090011
090013
090015
090016
090018
090019
090020
100026
100027
100039
100056
100060
110002
110005
110009
110013
110015
110023
110025
110029
112002
121003
121005
121006
121008
128005
128006
128008
150103
150968
151001
160106
160107
160143
160211
160212
160314
160325
160425
160505
160512
160529
160603
160607
160611
160613
160645
160727
160916
160918
160926
161005
161006
161038
161040
161131
161601
161602
161609
161610
161611
161616
161617
161659
161660
161661
161706
161707
161810
161818
161837
161838
161903
161912
161913
161914
161915
162006
162102
162202
162203
162204
162207
162209
162212
162214
162605
162606
162607
162703
162717
162720
163406
163409
163410
163411
163412
163413
163415
163416
163418
163503
163803
163805
163818
163822
164826
165313
165508
165512
165516
166001
166002
166005
166006
166007
166009
166011
166024
166025
166027
166107
166108
166109
166110
167508
168501
168601
169102
169103
169107
169109
180010
180012
180013
180031
200006
200008
200010
200012
200015
202001
202002
202003
202004
202005
202006
202007
202008
202009
202010
202011
202012
202019
202020
202027
202028
202213
206002
206007
206009
210003
210004
210005
210008
210009
213002
213003
213008
213908
217001
217005
217009
217010
217012
217013
217021
229002
233006
233007
233009
233011
233015
240004
240005
240009
240010
240011
240017
240020
240022
257020
257021
257030
257031
257040
257041
257050
257070
260101
260104
260108
260109
260110
260111
260112
260115
260116
260117
270005
270008
270015
270021
270025
270028
270041
270050
288001
288002
290004
290006
290008
290011
290014
310308
310328
310368
310388
320001
320003
320005
320007
320011
320012
320015
320016
340007
360005
360006
360007
360010
360012
360016
370024
370027
377010
377020
377150
377240
377530
378010
379010
398041
398061
400007
400008
400011
400012
400015
410003
410009
420003
420005
450002
450003
450004
450007
450011
460001
460005
460007
460009
470006
470008
470009
470028
470098
481001
481004
481006
481008
481010
481013
481015
481017
483003
501028
501032
501038
501049
501051
501054
501063
501065
501066
501070
501071
501079
501081
501087
501088
501091
501092
501093
501095
501096
501097
501098
501099
501200
501202
501203
501205
501206
501207
501208
501209
501227
506000
506001
506002
506003
506005
506006
506007
506008
506009
519001
519002
519005
519010
519011
519013
519015
519017
519018
519019
519025
519026
519033
519035
519036
519039
519056
519068
519069
519070
519071
519089
519093
519095
519097
519110
519115
519150
519158
519185
519664
519665
519668
519670
519672
519674
519678
519679
519688
519689
519692
519693
519694
519695
519698
519699
519702
519703
519704
519705
519712
519713
519727
519728
519736
519737
519915
519979
519983
519990
519991
519992
519993
519994
519995
519996
519997
530001
530003
530006
530011
530019
540002
541002
550002
550003
550008
550009
550015
550016
560002
570001
570005
570006
570008
580002
580003
580006
581002
590001
590002
590005
590008
610001
610004
610005
610006
610007
620004
620006
630002
630006
630010
630011
660001
660004
660005
660006
660010
660012
660015
671010
688888
690003
690004
690005
690007
700001
710001
730001
730002
740001
850004
850005
850010
850013
850088
850099
850588
850599
851088
851099
851399
852200
852289
860001
860006
860007
860016
860018
860027
860032
860036
860037
860038
860039
860052
860053
860055
860056
870005
870006
870009
872018
872019
872020
872021
872025
872026
880006
880007
881007
900010
900011
900022
900052
900089
900090
900099
900100
900152
910004
910005
910006
910009
910021
910022
910024
910028
920019
952004
952009
952035
952099
959991
959993
960001
960006
960007
960008
960010
960011
960013
960014
960015
960016
960018
960019
960020
960021
960023
960024
960025
960026
960028
960032
960033
960041
970016
970017
970067
970068
970069
970093
970094
970095
970100
970101
970102
970112
970113
970114
970184
970185
970206
