006210 50.481666666666676
007190 31.174
007189 31.070000000000004
006761 25.89333333333333
004400 25.617142857142856
004685 25.324285714285715
003793 23.244285714285713
007509 20.73
007229 16.247999999999998
005561 15.851666666666667
005562 15.624999999999998
512890 14.64333333333333
005851 14.538333333333334
007454 14.088
007069 13.84
006471 13.738333333333332
004401 13.252857142857144
008269 13.014000000000001
008270 12.586000000000002
007466 12.342
007467 12.064
006145 11.618333333333334
008114 11.596
006146 11.515
008115 11.374
003526 10.634999999999998
003449 10.331999999999999
005443 10.276666666666666
000573 8.86625
000369 8.854999999999999
002049 8.70625
004011 8.3275
004010 8.2275
003860 8.18875
001470 8.0525
001247 7.961250000000001
005024 7.795714285714285
002091 7.78
006150 7.715
003741 7.6825
007769 7.397999999999999
003657 7.324285714285716
003324 7.2299999999999995
004596 7.095
000345 7.065
005448 7.015000000000001
005480 6.921666666666667
006212 6.841666666666666
003325 6.797499999999999
006213 6.748333333333334
003503 6.70625
002274 6.6499999999999995
001316 6.54375
005679 6.515000000000001
000436 6.45375
001122 6.38
003656 6.351428571428571
002985 6.30625
006961 6.279999999999999
003788 6.27125
006962 6.18
002146 6.069999999999999
005336 6.062857142857143
001123 6.062500000000001
003407 6.04
007540 6.024
003337 5.996250000000001
005446 5.9957142857142856
002015 5.9350000000000005
001338 5.9312499999999995
161115 5.9225
002018 5.9125000000000005
004024 5.881428571428572
002490 5.87
675111 5.845714285714286
003349 5.803749999999999
005388 5.8
002275 5.79125
003073 5.7825
167504 5.7780000000000005
003188 5.76
005159 5.757142857142857
003838 5.75625
002116 5.717499999999999
006174 5.713333333333334
003009 5.71
675113 5.708571428571429
006848 5.691999999999999
003547 5.663749999999999
000516 5.637142857142857
003408 5.6242857142857146
001710 5.602500000000001
000310 5.597499999999999
217024 5.595
002019 5.5912500000000005
006849 5.588
002344 5.58
001800 5.56625
675043 5.5625
750002 5.557499999999999
005160 5.549999999999999
007091 5.536
002452 5.5337499999999995
002147 5.525
002246 5.5175
501100 5.505714285714285
360008 5.505
160128 5.4875
005547 5.48
003010 5.47
004859 5.4557142857142855
004438 5.437142857142858
007677 5.4239999999999995
007385 5.412
005637 5.390000000000001
001711 5.375
007551 5.35
005684 5.343333333333334
004388 5.340000000000001
002361 5.335
100072 5.3175
002117 5.31125
004821 5.3
004503 5.285714285714286
004042 5.272857142857142
000415 5.266249999999999
005686 5.24
007676 5.24
007859 5.236
006828 5.226
000517 5.214285714285714
006211 5.213333333333334
003498 5.1987499999999995
519973 5.19
511270 5.185
000335 5.1825
160129 5.175
206018 5.168749999999999
004043 5.164285714285714
004105 5.164285714285714
163007 5.1625
000521 5.161666666666666
004386 5.152857142857143
004104 5.137142857142856
519945 5.133749999999999
750003 5.12875
003156 5.126250000000001
360009 5.103749999999999
004127 5.102857142857142
217022 5.097500000000001
007712 5.088
006549 5.0840000000000005
004459 5.078571428571428
161716 5.06625
003411 5.0649999999999995
004021 5.0528571428571425
519138 5.051428571428572
006393 5.02
003502 5.0
007212 4.997999999999999
004118 4.984999999999999
007562 4.982
003999 4.974285714285714
003327 4.96125
007828 4.958
001546 4.9575
004940 4.938571428571429
001246 4.9375
007214 4.936
001819 4.935
007860 4.926
003952 4.922857142857142
005685 4.921666666666667
004705 4.921428571428572
003157 4.92125
003429 4.920000000000001
004920 4.920000000000001
000130 4.91875
000931 4.91375
002869 4.909999999999999
000914 4.904999999999999
161014 4.897499999999999
001355 4.87625
100073 4.87375
005921 4.873333333333333
004230 4.868571428571428
006760 4.866
001776 4.86
000416 4.8549999999999995
004601 4.845714285714286
000546 4.83125
002483 4.82875
000187 4.824999999999999
000552 4.8225
006242 4.82
005588 4.816666666666666
519322 4.8025
007537 4.796
007492 4.772
000277 4.7625
519972 4.7612499999999995
006353 4.753333333333333
002073 4.74875
002486 4.7437499999999995
003859 4.743333333333333
006708 4.743333333333333
003102 4.7387500000000005
003742 4.7375
004387 4.7371428571428575
006047 4.736666666666666
003328 4.73625
000346 4.73125
511260 4.730000000000001
001235 4.72875
001993 4.720000000000001
519944 4.7162500000000005
003071 4.71
003978 4.698571428571428
000265 4.69
002354 4.68875
161119 4.6875
000606 4.682857142857143
004548 4.682857142857142
005828 4.68
006995 4.678
007061 4.676
004978 4.671428571428572
007053 4.664
004022 4.659999999999999
005172 4.658571428571428
000186 4.657500000000001
005712 4.651666666666666
003728 4.6475
008503 4.642
000137 4.63125
005208 4.628571428571429
004123 4.627142857142857
006470 4.626666666666667
005862 4.626666666666666
003417 4.626249999999999
004941 4.625714285714286
004736 4.6242857142857146
008644 4.622
004919 4.621428571428572
000267 4.621250000000001
006980 4.619999999999999
003837 4.614999999999999
007888 4.614
006970 4.603999999999999
002550 4.6
005884 4.596666666666667
006934 4.596
006177 4.595
005340 4.594285714285715
004555 4.591428571428572
006846 4.587999999999999
100018 4.58125
004200 4.58
007008 4.572000000000001
675100 4.571428571428571
005592 4.56
161614 4.56
007175 4.556
005070 4.548571428571429
001356 4.547499999999999
001868 4.547499999999999
270044 4.54625
003103 4.5425
003847 4.5425
007829 4.542
003207 4.54125
000227 4.54
005779 4.54
519669 4.53875
000005 4.538749999999999
003412 4.53625
005820 4.535000000000001
001957 4.535
006163 4.534999999999999
161019 4.5325
004141 4.53
217003 4.53
519782 4.5225
003953 4.518571428571429
165530 4.51625
002254 4.516249999999999
000069 4.51375
001299 4.51375
007710 4.512
004706 4.51
008645 4.508000000000001
000107 4.505
002996 4.505
380009 4.505
217011 4.50125
006011 4.498333333333334
006935 4.492
100058 4.487500000000001
006092 4.486666666666667
161117 4.4825
005523 4.478333333333334
004246 4.475714285714285
006653 4.473333333333334
004921 4.47
003072 4.4628571428571435
000074 4.4624999999999995
004602 4.46
004001 4.458571428571428
002218 4.451250000000001
004122 4.448571428571428
519323 4.4475
000305 4.44625
003260 4.441249999999999
003424 4.4399999999999995
004140 4.435714285714286
005436 4.435
000553 4.4312499999999995
003450 4.425714285714285
003819 4.425000000000001
003979 4.4242857142857135
004723 4.422857142857143
002507 4.421250000000001
000469 4.42
002569 4.41875
002929 4.4175
004027 4.417142857142857
006191 4.416666666666667
005719 4.416666666666666
004464 4.415714285714286
002438 4.414999999999999
002074 4.41
004079 4.41
002925 4.408571428571429
007711 4.408
007055 4.404
161713 4.402500000000001
003187 4.4025
008030 4.4
003448 4.398750000000001
006617 4.398000000000001
000188 4.3975
001906 4.395
005476 4.395
003605 4.39375
003926 4.392857142857143
006635 4.388333333333333
006758 4.385000000000001
006135 4.383333333333334
001545 4.38
005054 4.38
005171 4.38
161015 4.37875
002756 4.376250000000001
007279 4.372
008487 4.369999999999999
002175 4.3687499999999995
006219 4.368333333333333
000191 4.366250000000001
675161 4.359999999999999
004087 4.358571428571429
007054 4.356
008568 4.356
006093 4.355
007145 4.353999999999999
006184 4.351666666666667
005964 4.35
007268 4.35
006754 4.348
161120 4.345
006667 4.343999999999999
380005 4.343750000000001
006107 4.343333333333333
007252 4.3420000000000005
002245 4.34125
003637 4.340000000000001
005488 4.340000000000001
003696 4.337142857142857
002698 4.335
007958 4.334
000271 4.3225
007408 4.322000000000001
005736 4.321666666666666
005124 4.321428571428571
000201 4.32
006120 4.32
006287 4.315
007253 4.312
002997 4.3100000000000005
002775 4.31
003795 4.3075
270048 4.30375
006331 4.303333333333334
000032 4.30125
003568 4.29875
007545 4.298
005766 4.295000000000001
163005 4.295
004238 4.2942857142857145
002188 4.290000000000001
530021 4.29
550018 4.28875
002805 4.285
519519 4.285
005327 4.284285714285714
007062 4.279999999999999
005451 4.278333333333333
008383 4.276
004797 4.272857142857142
000197 4.27125
002795 4.2700000000000005
004247 4.2700000000000005
008296 4.2700000000000005
000266 4.27
003949 4.27
007078 4.268000000000001
002603 4.2675
004722 4.267142857142857
002638 4.26625
003285 4.26625
006996 4.266
050027 4.265
004603 4.264285714285714
686868 4.262499999999999
160618 4.2612499999999995
004465 4.257142857142857
006149 4.255
006493 4.251666666666666
675163 4.249999999999999
003265 4.245
007584 4.244
159972 4.244
100066 4.243750000000001
004045 4.241428571428572
006494 4.238333333333334
003440 4.235714285714286
006185 4.235
006451 4.234
002341 4.233750000000001
000116 4.22625
004080 4.224285714285714
007429 4.224
005817 4.223333333333333
002754 4.2225
003309 4.2225
000138 4.22125
000351 4.22
000212 4.218749999999999
006495 4.218333333333334
006847 4.218
005705 4.216666666666667
000111 4.21625
006475 4.206666666666666
217203 4.206250000000001
003155 4.20625
007172 4.206
007997 4.204
004124 4.202857142857143
000319 4.20125
008493 4.196
519783 4.19375
006576 4.193333333333333
002811 4.19
006171 4.19
007171 4.188000000000001
007762 4.188
000286 4.1875
002904 4.1875
003612 4.18625
007079 4.186
007447 4.186
005556 4.185
006707 4.183333333333334
110037 4.1825
002881 4.18
007640 4.18
004960 4.178
006725 4.176666666666667
002807 4.17625
590009 4.175
003226 4.17375
004389 4.168571428571428
007889 4.168
003824 4.16375
240003 4.16375
005710 4.163333333333333
270045 4.1625
005127 4.161666666666666
511220 4.16125
004728 4.160000000000001
003227 4.15625
003770 4.155714285714285
003730 4.154999999999999
005072 4.154285714285714
001794 4.1537500000000005
040040 4.1537500000000005
003640 4.152857142857143
007009 4.152
005432 4.151666666666667
005378 4.151428571428571
003329 4.15125
003796 4.14875
003898 4.147142857142858
006559 4.1466666666666665
006577 4.136666666666666
006452 4.136
003927 4.135714285714285
004063 4.134285714285714
002255 4.1325
005286 4.131666666666667
004681 4.131428571428571
006588 4.128333333333334
007645 4.128
005988 4.126666666666667
006443 4.125
003297 4.1240000000000006
002143 4.12375
121009 4.12375
006332 4.123333333333334
002755 4.1225000000000005
006554 4.12
519762 4.12
003583 4.118571428571429
000024 4.11625
004899 4.115714285714286
519330 4.115714285714286
004334 4.1085714285714285
005790 4.1066666666666665
006929 4.104
003163 4.10375
005485 4.103333333333334
005782 4.101666666666667
003519 4.1000000000000005
007507 4.1
003638 4.097142857142857
005019 4.097142857142857
004126 4.095714285714286
002520 4.095
162715 4.0925
006288 4.091666666666667
006984 4.090000000000001
519324 4.08875
004479 4.088571428571429
511020 4.088333333333333
000109 4.08625
006032 4.086
004002 4.0842857142857145
003573 4.08375
006936 4.078
006383 4.076
007999 4.072000000000001
008661 4.07
006764 4.066000000000001
006853 4.066
005577 4.0633333333333335
006043 4.0633333333333335
007485 4.062
002549 4.0600000000000005
007941 4.0600000000000005
007559 4.058000000000001
686869 4.0562499999999995
004630 4.056
004498 4.055714285714285
006151 4.055000000000001
164606 4.0512500000000005
675041 4.0512500000000005
004038 4.05
005709 4.048333333333333
004689 4.047142857142857
006224 4.046666666666667
002265 4.04625
004463 4.045714285714285
005369 4.045000000000001
005309 4.045
007167 4.044
008207 4.042
005073 4.041428571428571
005321 4.04
006508 4.04
005842 4.038333333333333
000077 4.0375
000347 4.0375
007213 4.0360000000000005
007985 4.036
000668 4.035
005338 4.035
003223 4.0337499999999995
002524 4.0325
380006 4.0325
005529 4.031666666666667
004844 4.031428571428571
004556 4.028571428571429
005853 4.028333333333333
000205 4.0275
003214 4.0275
004322 4.024285714285715
007168 4.024
007576 4.022
005158 4.018571428571429
007321 4.016
004910 4.015714285714286
007536 4.014
006027 4.008333333333334
005784 4.006666666666667
001988 4.005714285714285
005816 4.004
007878 4.004
006066 4.003333333333333
003258 4.00125
004028 4.0
006192 4.0
002198 3.9999999999999996
005720 3.996666666666666
003428 3.9962500000000003
002757 3.995
000272 3.9949999999999997
008048 3.9939999999999998
511060 3.9939999999999998
006055 3.9933333333333336
003517 3.992857142857143
007377 3.992
007311 3.9879999999999995
008040 3.9840000000000004
007295 3.9839999999999995
005898 3.983333333333334
007962 3.982
006264 3.981666666666667
007508 3.9799999999999995
003648 3.97875
006172 3.978333333333333
004180 3.9771428571428573
007486 3.9739999999999993
003039 3.972857142857143
003549 3.9725
008268 3.972
460003 3.97
003825 3.96875
000181 3.9675000000000002
002519 3.9674999999999994
006237 3.966666666666667
007525 3.964
006850 3.9620000000000006
007969 3.9620000000000006
006178 3.9599999999999995
070037 3.9599999999999995
005879 3.9583333333333335
005818 3.956666666666667
006684 3.9516666666666667
003869 3.951428571428571
002882 3.95
003650 3.947142857142857
007935 3.946
008064 3.946
006841 3.944
002528 3.94375
000192 3.9425
007094 3.9419999999999993
004066 3.94
003330 3.9374999999999996
005375 3.936666666666666
002404 3.93625
007092 3.936
003746 3.935
000033 3.9349999999999996
000183 3.9349999999999996
007269 3.934
003179 3.9337500000000003
003614 3.9312499999999995
004499 3.93
000320 3.92875
005398 3.9283333333333332
006422 3.9266666666666663
001961 3.9250000000000003
006513 3.9250000000000003
003074 3.925
007025 3.9239999999999995
005841 3.923333333333334
008554 3.9219999999999997
005831 3.921666666666667
004682 3.9214285714285717
161820 3.9175
519763 3.9162500000000002
006094 3.9150000000000005
270049 3.915
002491 3.9149999999999996
531021 3.91375
164509 3.91125
008486 3.91
005897 3.9099999999999997
004168 3.9085714285714284
003280 3.9075000000000006
005289 3.9033333333333338
001911 3.9025000000000003
006795 3.902
005871 3.901666666666666
002650 3.9012499999999997
000015 3.9
005780 3.9
007998 3.8980000000000006
007158 3.8979999999999997
007963 3.896
007616 3.8959999999999995
005074 3.8942857142857146
007837 3.8939999999999997
008049 3.8939999999999997
003056 3.89375
003259 3.89375
003673 3.89375
620009 3.8937499999999994
006188 3.893333333333333
519784 3.892857142857143
003192 3.8924999999999996
007409 3.8920000000000003
005439 3.891666666666666
003313 3.89
000669 3.8887500000000004
006596 3.888333333333333
005654 3.8866666666666667
000352 3.8862500000000004
006974 3.886
007420 3.8840000000000003
005407 3.8816666666666664
003841 3.8814285714285717
006901 3.88
005791 3.876666666666667
007370 3.8760000000000003
001578 3.875
000465 3.8737500000000002
005723 3.8733333333333335
006137 3.8733333333333326
003220 3.8724999999999996
005383 3.8716666666666675
005470 3.8683333333333327
007647 3.8660000000000005
003024 3.8625000000000007
007371 3.8620000000000005
007417 3.8619999999999997
005345 3.861666666666667
004911 3.8614285714285717
003013 3.86125
006552 3.86
006558 3.86
006444 3.8599999999999994
004655 3.858571428571428
005452 3.858333333333334
002704 3.8575
519188 3.8574999999999995
005703 3.856666666666667
005610 3.8533333333333335
003390 3.852857142857143
003461 3.8528571428571428
007197 3.85
006088 3.848333333333334
005951 3.8483333333333327
008355 3.8480000000000003
003681 3.8474999999999997
007440 3.846
005606 3.8449999999999993
000112 3.8437499999999996
006337 3.8433333333333337
006599 3.8433333333333333
675093 3.842857142857143
007095 3.84
004632 3.838
002128 3.83625
002442 3.83625
002994 3.835
005377 3.8342857142857136
007176 3.8340000000000005
006889 3.8320000000000007
002915 3.83
006044 3.828333333333333
007050 3.8280000000000003
519723 3.8275000000000006
002109 3.8274999999999997
006427 3.8266666666666667
003078 3.825
003266 3.8237500000000004
005467 3.8216666666666668
003747 3.8214285714285716
004106 3.8214285714285716
000213 3.8200000000000003
003210 3.81875
005995 3.818333333333333
006946 3.818
006544 3.817999999999999
007296 3.817999999999999
519943 3.8175000000000003
650001 3.8175
008015 3.816
008173 3.814
003315 3.8128571428571427
005590 3.811666666666667
005384 3.8066666666666666
006333 3.8066666666666666
519332 3.8062500000000004
002336 3.805
003748 3.8042857142857147
007430 3.804
003310 3.8025
007093 3.8020000000000005
006045 3.8019999999999996
007433 3.8019999999999996
005778 3.796666666666667
003574 3.7962500000000006
003014 3.7962499999999997
550019 3.7962499999999997
000122 3.7950000000000004
000943 3.79375
100068 3.7937499999999997
005783 3.793333333333333
006450 3.7916666666666665
000694 3.7899999999999996
007328 3.786
006142 3.783333333333333
007535 3.782
007372 3.78
007375 3.78
000206 3.77875
164210 3.77875
000194 3.7787499999999996
006884 3.778
005455 3.7766666666666673
005745 3.776666666666667
006874 3.774
006975 3.774
003445 3.77375
006134 3.7733333333333334
040026 3.7725
007206 3.772
590010 3.77125
003454 3.7700000000000005
006842 3.768
006589 3.765
006384 3.7640000000000002
003159 3.76375
003442 3.76375
005641 3.763333333333333
008000 3.7619999999999996
006070 3.7616666666666667
006206 3.7616666666666667
007220 3.7600000000000002
003615 3.76
006065 3.758333333333333
008031 3.7580000000000005
040041 3.7575000000000003
007513 3.7560000000000002
006954 3.754
005666 3.7533333333333334
519331 3.752857142857143
003213 3.750000000000001
006504 3.75
007075 3.75
007332 3.75
003983 3.7499999999999996
004729 3.7485714285714287
006489 3.748
000152 3.74625
110038 3.74625
003041 3.745
003395 3.745
003668 3.7449999999999997
004264 3.744285714285714
007312 3.742
006035 3.74
007517 3.7399999999999998
001661 3.738749999999999
004107 3.7385714285714284
006997 3.7380000000000004
002169 3.7375
006714 3.7359999999999998
005617 3.7349999999999994
003566 3.7325
006958 3.732
003584 3.7314285714285718
002466 3.73125
002592 3.73125
005989 3.7300000000000004
003569 3.72875
006095 3.7266666666666666
006625 3.7249999999999996
003195 3.724285714285714
007564 3.724
007482 3.7239999999999993
006036 3.723333333333333
008016 3.722
005690 3.72
006415 3.72
519136 3.72
005740 3.7183333333333337
001783 3.718
006423 3.716666666666667
004825 3.7142857142857144
006917 3.714
006927 3.714
007105 3.714
007198 3.7119999999999997
005442 3.711666666666666
000025 3.7112499999999997
004307 3.71
005786 3.7083333333333335
007185 3.7080000000000006
006325 3.706666666666667
000898 3.70625
007184 3.7060000000000004
005836 3.7059999999999995
005525 3.7050000000000005
003455 3.7037500000000003
006762 3.703333333333333
001619 3.7
005785 3.6983333333333337
006284 3.696
003571 3.695
006183 3.695
007461 3.694
007552 3.692
006054 3.6916666666666664
002796 3.6900000000000004
007342 3.69
008204 3.69
007462 3.6879999999999997
004458 3.6871428571428573
164902 3.6862500000000007
007659 3.686
519325 3.685
003518 3.684285714285714
003520 3.6825
162716 3.6825
004089 3.6824999999999997
004102 3.681428571428572
003193 3.68
005722 3.68
005622 3.678333333333334
003708 3.6762499999999996
006919 3.6759999999999997
003671 3.6749999999999994
003040 3.674285714285714
003357 3.67375
007996 3.6719999999999997
006789 3.6680000000000006
003269 3.6675
005731 3.6649999999999996
004366 3.664285714285714
400009 3.6637500000000003
005704 3.6633333333333327
006953 3.662
006674 3.6616666666666666
004059 3.66
007520 3.66
003963 3.65875
007196 3.658
000736 3.6574999999999998
005346 3.6566666666666667
003929 3.65625
007738 3.656
004547 3.6542857142857144
519746 3.654285714285714
007526 3.654
005849 3.6533333333333338
000911 3.6525
004882 3.651666666666667
005507 3.6500000000000004
900019 3.65
003500 3.6487499999999997
008042 3.6480000000000006
900039 3.6479999999999997
005631 3.6466666666666665
002529 3.64625
007286 3.646
005655 3.645
007278 3.6439999999999997
005713 3.643333333333333
006782 3.6420000000000003
006112 3.641666666666667
006116 3.641666666666667
007618 3.6380000000000003
007510 3.636
008130 3.636
006089 3.6350000000000002
006989 3.6340000000000003
000801 3.6337500000000005
005277 3.6316666666666664
006053 3.6300000000000003
006791 3.6300000000000003
006913 3.63
164510 3.63
005366 3.628571428571429
519632 3.6285714285714286
007560 3.628
003452 3.6237500000000002
006640 3.623333333333333
004103 3.6228571428571428
005548 3.6199999999999997
006276 3.6199999999999997
007716 3.6199999999999997
167501 3.6199999999999997
003651 3.61875
003816 3.6174999999999997
006428 3.6166666666666667
005952 3.616666666666666
005426 3.614
290007 3.6137500000000005
007260 3.6119999999999997
004923 3.608571428571428
005647 3.608333333333333
005469 3.6066666666666674
005501 3.606666666666667
006629 3.606666666666667
006645 3.606666666666667
002868 3.6062499999999997
007714 3.6060000000000003
008176 3.604
003930 3.6012500000000007
005234 3.6
007964 3.6
003487 3.59875
005752 3.5966666666666662
006258 3.5966666666666662
006275 3.5933333333333333
007014 3.592
007567 3.592
005367 3.5914285714285716
519743 3.5912499999999996
003767 3.59
006173 3.5883333333333334
007557 3.588
007617 3.588
070038 3.5875
006484 3.5866666666666664
006790 3.5860000000000007
007870 3.5840000000000005
008349 3.5840000000000005
005361 3.5833333333333335
002995 3.5825000000000005
007201 3.582
005996 3.5816666666666666
003521 3.58125
002970 3.5800000000000005
006086 3.5799999999999996
007037 3.5799999999999996
007418 3.5799999999999996
460008 3.5775
006016 3.5766666666666667
002552 3.57375
007104 3.572
006037 3.5716666666666668
003130 3.57125
008549 3.5700000000000003
002140 3.5675
006994 3.5660000000000003
007942 3.566
004101 3.564285714285714
006915 3.564
007331 3.564
003618 3.5625
006985 3.562
000105 3.56125
290009 3.55875
006987 3.558
003162 3.5575
003888 3.555
005854 3.5549999999999997
000182 3.55125
003619 3.5500000000000003
003121 3.55
004544 3.5485714285714285
005364 3.5483333333333333
002905 3.5475
003287 3.5450000000000004
005749 3.5450000000000004
007327 3.5440000000000005
008043 3.5439999999999996
007333 3.5420000000000003
007425 3.5420000000000003
005936 3.5416666666666665
003532 3.541428571428572
005895 3.5366666666666666
006304 3.535
006490 3.5340000000000003
006505 3.533333333333333
000306 3.5325
000910 3.5325
002991 3.5324999999999998
006869 3.532
005468 3.53
006464 3.53
006067 3.5299999999999994
006742 3.528
002812 3.5262499999999997
005410 3.525
005010 3.5228571428571427
007706 3.522
006542 3.5216666666666665
003270 3.5212500000000007
005575 3.52
004032 3.5157142857142856
007378 3.5140000000000002
004614 3.5114285714285716
005531 3.5083333333333333
007419 3.5040000000000004
001989 3.5028571428571427
007284 3.5020000000000002
002523 3.5012499999999998
004894 3.5
006082 3.4983333333333335
005594 3.4966666666666666
007194 3.4919999999999995
006485 3.486666666666667
006389 3.485
005601 3.4840000000000004
007838 3.4840000000000004
003288 3.48375
005077 3.483333333333333
519776 3.4824999999999995
006670 3.4800000000000004
002825 3.48
000016 3.4787500000000002
006421 3.4783333333333335
472007 3.478
006571 3.475
007451 3.4739999999999993
650002 3.4737500000000003
003400 3.47375
005755 3.473333333333334
005213 3.473333333333333
006626 3.472
002964 3.47125
005990 3.47
006631 3.47
004367 3.4657142857142857
003545 3.464285714285714
007572 3.4639999999999995
005645 3.4616666666666673
003453 3.4600000000000004
164703 3.4587499999999998
004656 3.458571428571429
006514 3.4583333333333335
005623 3.4583333333333326
006068 3.456666666666667
005972 3.4566666666666666
004136 3.4557142857142855
003050 3.455
005578 3.455
270009 3.455
001784 3.4540000000000006
006978 3.4539999999999997
005465 3.4519999999999995
006012 3.4516666666666667
000129 3.45
007546 3.4440000000000004
001968 3.4428571428571426
007435 3.4400000000000004
005920 3.44
007954 3.44
003564 3.4387499999999998
006096 3.438333333333333
007986 3.438
007877 3.4379999999999997
005667 3.436666666666666
007516 3.436
008278 3.436
004052 3.4357142857142855
002716 3.435
166401 3.43375
002548 3.4324999999999997
007289 3.432
007953 3.432
006570 3.431666666666666
003669 3.43125
006069 3.43
519189 3.43
007936 3.4299999999999997
006824 3.428
005508 3.4266666666666663
450018 3.4262500000000005
005315 3.4257142857142857
519333 3.425
008216 3.4240000000000004
006668 3.421666666666667
006851 3.418
005393 3.4150000000000005
006875 3.414
007542 3.414
005611 3.4133333333333336
003268 3.4124999999999996
007292 3.4120000000000004
008170 3.412
006630 3.41
008226 3.41
006099 3.4099999999999997
002635 3.4087500000000004
006434 3.4066666666666667
006636 3.404
007561 3.404
007589 3.404
519725 3.40375
006797 3.4019999999999997
005931 3.401666666666667
003794 3.4014285714285717
003674 3.40125
005532 3.4000000000000004
006367 3.4000000000000004
007285 3.3979999999999997
006411 3.396666666666667
005307 3.395
008352 3.3940000000000006
006545 3.393333333333333
007532 3.3920000000000003
006340 3.391666666666667
000139 3.39125
166016 3.3899999999999997
005714 3.388333333333333
006916 3.3880000000000003
007186 3.3840000000000003
519985 3.3837499999999996
519942 3.3825
007116 3.382
007778 3.382
519675 3.37875
007511 3.378
003499 3.3775
007097 3.3760000000000003
002898 3.375
005625 3.375
002920 3.3742857142857146
005837 3.3739999999999997
003160 3.37125
006885 3.37
003196 3.3685714285714283
005648 3.3683333333333336
005857 3.3683333333333336
007573 3.368
006506 3.3666666666666667
006956 3.3660000000000005
007376 3.3659999999999997
006772 3.365
005624 3.3633333333333333
002377 3.3625
007681 3.3600000000000003
002086 3.35875
003590 3.35875
000123 3.3587499999999997
003314 3.3587499999999997
006387 3.356666666666667
006717 3.356666666666667
007563 3.3559999999999994
006409 3.355
008106 3.35
007290 3.3480000000000003
519777 3.3462500000000004
007739 3.346
519941 3.3449999999999998
519753 3.3425000000000002
004053 3.3414285714285716
006963 3.34
006993 3.34
006412 3.3383333333333334
008019 3.336
007015 3.3340000000000005
005025 3.332857142857143
003891 3.3324999999999996
007568 3.332
006316 3.3299999999999996
006516 3.328333333333333
006491 3.3266666666666667
008344 3.3260000000000005
002659 3.325
000153 3.3237499999999995
006838 3.322
006965 3.322
007195 3.322
519024 3.3212499999999996
008406 3.3200000000000003
006979 3.3199999999999994
005079 3.318
002864 3.3162499999999997
002930 3.3162499999999997
000289 3.315
206015 3.315
003672 3.3137499999999998
007017 3.312
004637 3.31
006665 3.31
007338 3.3099999999999996
003768 3.3087500000000003
002797 3.30875
007740 3.3019999999999996
007558 3.3
005882 3.296666666666667
005725 3.2950000000000004
006582 3.295
006811 3.2939999999999996
261002 3.2925
008125 3.29
007319 3.2880000000000003
000084 3.2875
003199 3.2862500000000003
003277 3.285
007000 3.284
007166 3.282
006745 3.281999999999999
007098 3.28
006941 3.278
006180 3.276666666666667
007442 3.2760000000000007
007026 3.274
004831 3.273333333333333
519785 3.2728571428571436
006546 3.271666666666667
008205 3.2699999999999996
004030 3.26875
006990 3.268
007324 3.2640000000000002
007414 3.2640000000000002
519152 3.2625
003278 3.26125
005753 3.26
004800 3.2585714285714285
006666 3.258
007396 3.258
000899 3.2575000000000003
003709 3.2575000000000003
006609 3.2560000000000002
007767 3.2559999999999993
007187 3.2540000000000004
006799 3.254
005772 3.2533333333333334
005971 3.2533333333333334
006591 3.2516666666666665
000655 3.25125
003607 3.2487499999999994
004838 3.2483333333333335
008497 3.2479999999999998
007670 3.246
008677 3.246
006914 3.2439999999999998
004615 3.2428571428571433
006706 3.242
007635 3.2419999999999995
000106 3.2375
167505 3.2360000000000007
007208 3.2299999999999995
006633 3.2266666666666666
002928 3.22625
005602 3.226
006390 3.225
004090 3.2237500000000003
007165 3.222
006436 3.221666666666667
005322 3.218571428571429
006488 3.2183333333333333
000814 3.21625
006543 3.215
000802 3.21375
006492 3.2133333333333334
007169 3.2120000000000006
004672 3.2114285714285713
003081 3.2112499999999997
007018 3.21
007543 3.21
006076 3.2099999999999995
519622 3.20875
007218 3.2060000000000004
008126 3.2060000000000004
007173 3.2040000000000006
007554 3.2040000000000006
006410 3.2016666666666667
519226 3.198571428571429
007374 3.1980000000000004
007946 3.1980000000000004
002832 3.19625
007715 3.1940000000000004
007001 3.192
006222 3.191666666666667
007478 3.1900000000000004
007947 3.188
519220 3.1862500000000002
006405 3.185
006097 3.184
006509 3.184
002578 3.1825
007122 3.1820000000000004
460108 3.1812500000000004
006947 3.18
004780 3.1799999999999997
007027 3.178
007364 3.178
002065 3.1750000000000003
004020 3.174285714285714
519121 3.17375
006773 3.17
006986 3.17
007124 3.17
007215 3.1699999999999995
008429 3.1699999999999995
005754 3.1666666666666665
006360 3.1666666666666665
006798 3.166
007180 3.166
008651 3.164
003418 3.1587500000000004
005932 3.158333333333333
003811 3.1575
519748 3.1575
007908 3.1559999999999997
007582 3.154
007585 3.154
008498 3.1519999999999997
000128 3.15125
006465 3.15
007852 3.15
006404 3.1483333333333334
007756 3.146
200009 3.14375
519328 3.14125
660002 3.1400000000000006
007325 3.1399999999999997
006431 3.136
006510 3.136
006966 3.136
007147 3.136
004629 3.1357142857142852
004954 3.1340000000000003
007010 3.1340000000000003
007655 3.1340000000000003
000141 3.13375
519786 3.13125
003527 3.13
007302 3.13
006023 3.1239999999999997
003533 3.1228571428571428
007588 3.122
006169 3.1216666666666666
003457 3.12
006715 3.12
004981 3.1199999999999997
007915 3.1159999999999997
007021 3.114
005011 3.1128571428571434
007170 3.11
007320 3.11
004673 3.1071428571428577
000395 3.10625
006812 3.104
007544 3.1039999999999996
450019 3.1025
004955 3.1
006750 3.1
007365 3.0999999999999996
004117 3.0985714285714288
003528 3.0974999999999997
261102 3.09625
519023 3.0962499999999995
006437 3.0933333333333333
006634 3.0933333333333333
003867 3.0928571428571425
006829 3.092
006026 3.091666666666667
007772 3.09
005308 3.0883333333333334
006902 3.084
006870 3.0839999999999996
007987 3.082
006015 3.078333333333333
007034 3.0780000000000003
519078 3.0775
008108 3.0740000000000003
007123 3.074
007125 3.072
006597 3.0716666666666668
006834 3.0700000000000003
006515 3.0683333333333334
008014 3.0680000000000005
002899 3.0675
006627 3.0660000000000003
006825 3.0660000000000003
004220 3.0628571428571427
007644 3.0620000000000003
005428 3.0614285714285714
000783 3.0599999999999996
007181 3.0599999999999996
004031 3.0585714285714287
007603 3.056
007948 3.052
006388 3.051666666666667
070009 3.05125
001941 3.0500000000000003
163907 3.0500000000000003
006632 3.05
007495 3.05
007682 3.048
006827 3.0479999999999996
006932 3.0440000000000005
006865 3.042
007957 3.04
000396 3.0374999999999996
007011 3.0360000000000005
006432 3.034
005864 3.033333333333333
000252 3.0324999999999998
006660 3.032
005845 3.0316666666666667
007209 3.028
008081 3.0260000000000002
000503 3.0237499999999997
002817 3.0225
002865 3.0225
005431 3.02
006186 3.016
002568 3.01375
006669 3.0133333333333336
008002 3.012
007916 3.0100000000000002
110053 3.0100000000000002
006468 3.0099999999999993
007637 3.004
005718 3.0
007148 3.0
007022 2.9939999999999998
007259 2.992
008046 2.9899999999999998
006837 2.9899999999999993
006029 2.986666666666667
003200 2.9849999999999994
006456 2.981666666666667
006804 2.9800000000000004
006677 2.9783333333333335
006361 2.9766666666666666
008117 2.976
000621 2.9737500000000003
519199 2.9737499999999994
006871 2.9699999999999998
002632 2.9687500000000004
007256 2.968
003734 2.96375
008018 2.9619999999999997
519940 2.9612500000000006
007970 2.96
007019 2.958
000085 2.9575
001950 2.95
006378 2.95
000298 2.9475000000000002
519122 2.94625
007741 2.9460000000000006
007224 2.946
006740 2.9419999999999997
007636 2.94
008214 2.94
007426 2.9379999999999997
006300 2.935
003812 2.9299999999999997
004469 2.9299999999999997
006553 2.9299999999999997
005573 2.9283333333333332
006933 2.928
007240 2.928
008448 2.928
008003 2.9240000000000004
007496 2.92
006646 2.9183333333333334
006661 2.916
008338 2.916
008122 2.9159999999999995
006988 2.9139999999999997
003082 2.91375
005756 2.9133333333333336
006955 2.91
519334 2.9085714285714284
007981 2.9080000000000004
007990 2.9059999999999997
519740 2.9025000000000003
005781 2.901666666666667
288102 2.9
007456 2.898
008596 2.898
003290 2.8975
003735 2.8962499999999998
001969 2.8942857142857146
007515 2.894
007979 2.894
003474 2.8937500000000003
002753 2.89375
006998 2.8920000000000003
006852 2.892
006592 2.89
007458 2.89
004973 2.8885714285714283
006496 2.8883333333333336
007717 2.8880000000000003
008047 2.888
001369 2.8875
002890 2.8875
007219 2.886
007227 2.886
008219 2.886
007335 2.884
005200 2.8833333333333333
008550 2.8819999999999997
000836 2.88
000905 2.87875
007024 2.878
007529 2.8739999999999997
006606 2.8733333333333335
007245 2.872
006678 2.8716666666666666
519153 2.87125
001821 2.87
006776 2.8699999999999997
003679 2.8687499999999995
006598 2.8683333333333336
006949 2.868
000174 2.8674999999999997
006453 2.8649999999999998
008109 2.864
004887 2.86
006565 2.8580000000000005
006774 2.856
007707 2.854
007329 2.8519999999999994
006077 2.8516666666666666
003281 2.8475
007583 2.846
002750 2.84375
006800 2.84
008460 2.838
002338 2.8375000000000004
007587 2.836
008739 2.832
006683 2.831666666666667
005425 2.83
006830 2.83
660102 2.83
006793 2.8280000000000003
007913 2.8280000000000003
005574 2.8266666666666667
005896 2.8249999999999997
008287 2.824
000837 2.8225
007790 2.822
006695 2.8216666666666668
519335 2.8214285714285716
006187 2.818
007928 2.8179999999999996
005917 2.815
007149 2.812
006903 2.8099999999999996
003871 2.8075
002680 2.8062500000000004
006024 2.806
008333 2.806
003753 2.805
000759 2.8049999999999997
008471 2.804
000648 2.80125
004167 2.79875
006319 2.7983333333333333
210013 2.7975000000000003
005677 2.795
000700 2.7925000000000004
675062 2.78875
003264 2.785
000662 2.7849999999999997
005435 2.7816666666666667
006519 2.7816666666666663
001234 2.78125
006948 2.7720000000000002
005419 2.7716666666666665
000790 2.7687500000000003
000394 2.7675
000716 2.7674999999999996
002758 2.76625
003712 2.76625
004201 2.76625
007761 2.7659999999999996
006662 2.765
003034 2.7649999999999997
511700 2.7649999999999997
003529 2.7600000000000002
002066 2.75625
007845 2.756
202308 2.7537499999999997
000784 2.752
007823 2.752
000891 2.7500000000000004
000860 2.7487500000000002
003465 2.7487500000000002
003969 2.74625
007225 2.746
008597 2.746
000605 2.745
003483 2.7437500000000004
000797 2.74375
007428 2.742
006664 2.741666666666667
007457 2.7399999999999998
519787 2.73875
007604 2.738
006907 2.7379999999999995
000013 2.73625
000917 2.735
007703 2.732
003022 2.73125
519329 2.73125
003185 2.73
007020 2.73
000620 2.7287500000000002
007023 2.728
001625 2.7275
001930 2.7275
000010 2.72625
004956 2.723333333333333
000602 2.7225
003480 2.7225
000540 2.7224999999999997
001909 2.72
003391 2.7199999999999998
007656 2.7199999999999998
003393 2.71875
519517 2.7175
006170 2.716666666666667
519510 2.7162499999999996
007871 2.7159999999999997
007330 2.7120000000000006
007150 2.71
008017 2.71
004039 2.7075
000495 2.7062499999999994
001078 2.7025
161623 2.7025
007121 2.7
110052 2.7
002183 2.6987500000000004
004137 2.698571428571429
005362 2.6983333333333337
003535 2.6975000000000002
001666 2.6975
003253 2.6975
003875 2.69625
000533 2.695
270014 2.6925
004417 2.6914285714285713
003164 2.6900000000000004
001233 2.68625
005151 2.684285714285714
006805 2.684
002895 2.68375
004957 2.683333333333333
000705 2.6825
001820 2.6824999999999997
470078 2.6824999999999997
002818 2.68125
006301 2.68
008215 2.678
008449 2.678
007179 2.6740000000000004
620011 2.6725
007758 2.6719999999999997
006681 2.67
340005 2.6687499999999997
003481 2.6675
070088 2.66625
004972 2.665714285714286
202302 2.665
006562 2.6649999999999996
008242 2.664
002760 2.6637500000000003
001478 2.66375
002937 2.66
006497 2.66
003922 2.6585714285714284
007836 2.6580000000000004
003043 2.6575
400006 2.6574999999999998
000253 2.65625
000627 2.655
005363 2.655
000748 2.6525000000000003
000846 2.6525
001669 2.6525
000686 2.6487499999999997
288201 2.6487499999999997
003473 2.6475
040039 2.6475
008123 2.6439999999999997
000476 2.64375
000839 2.64375
002889 2.6425
000707 2.6412500000000003
008223 2.6399999999999997
000494 2.6375
003229 2.63375
006999 2.632
000543 2.63125
001374 2.63125
005497 2.63
006152 2.63
007068 2.63
000504 2.62875
000678 2.62875
240007 2.62875
005992 2.6283333333333334
001926 2.6275
091005 2.625
004545 2.624285714285714
511850 2.6237500000000002
001386 2.6225
003678 2.6212500000000003
660107 2.62125
008288 2.62
001176 2.6199999999999997
001026 2.61875
006663 2.6183333333333336
006071 2.618333333333333
001982 2.61625
519507 2.615
006672 2.6140000000000003
008004 2.614
003423 2.61375
006454 2.6133333333333333
003206 2.6125
007246 2.612
006835 2.6119999999999997
001096 2.61125
001937 2.61
001895 2.60875
000332 2.6075000000000004
002679 2.6075
002884 2.60625
007926 2.606
200103 2.605
213909 2.6049999999999995
000725 2.60375
002733 2.60375
002912 2.60375
004776 2.6014285714285714
519998 2.60125
007704 2.6
008231 2.5999999999999996
260202 2.5999999999999996
001401 2.59875
730103 2.59875
006320 2.598333333333333
003468 2.5975
020032 2.5966666666666667
001826 2.59625
004242 2.5957142857142856
000600 2.59375
000883 2.59375
002234 2.59375
000903 2.5925000000000002
000912 2.5925000000000002
000575 2.5925
001931 2.5925
003317 2.59
000506 2.58875
740602 2.58875
002958 2.5875
002633 2.58625
007867 2.586
002325 2.585
000560 2.5849999999999995
000371 2.58375
000625 2.5837499999999998
004373 2.581428571428571
001010 2.58125
003402 2.58125
007680 2.58
003538 2.5785714285714283
005872 2.5783333333333336
007765 2.5780000000000003
008010 2.5780000000000003
000908 2.5775
519899 2.5775
005194 2.577142857142857
519859 2.57625
006734 2.5759999999999996
007912 2.5759999999999996
002918 2.57375
000493 2.5725000000000002
519889 2.5725
004369 2.5714285714285716
000872 2.57125
002855 2.57125
162206 2.57125
100028 2.56875
091022 2.5687499999999996
128011 2.5675
000359 2.56625
002195 2.5650000000000004
000895 2.565
003752 2.5625
008217 2.5620000000000003
003246 2.5612500000000002
000640 2.56
163820 2.56
000641 2.5599999999999996
002248 2.5587500000000003
006520 2.5566666666666666
000647 2.55625
000730 2.55625
000920 2.55625
001308 2.5562499999999995
007699 2.556
007736 2.556
000789 2.55375
003589 2.55375
000484 2.5525
003002 2.5519999999999996
004217 2.551428571428571
210012 2.5512499999999996
000693 2.54875
001526 2.5475
690210 2.54625
002748 2.545
166015 2.545
002917 2.5437499999999997
006153 2.5420000000000003
004251 2.5414285714285714
000665 2.54
000687 2.54
007530 2.54
675061 2.54
002960 2.5375
217014 2.5374999999999996
000397 2.5362500000000003
004173 2.53625
007210 2.536
004771 2.5357142857142856
002722 2.535
006741 2.534
000330 2.5337500000000004
150015 2.53375
159004 2.53375
000830 2.532857142857143
460106 2.5324999999999998
006826 2.532
005148 2.531428571428571
005202 2.531428571428571
002673 2.53125
003267 2.53125
001893 2.53
550011 2.53
001987 2.52875
001529 2.5287499999999996
007088 2.528
000599 2.5275
001871 2.5275
041003 2.5275
675121 2.527142857142857
003399 2.525
000719 2.52375
675072 2.52375
000581 2.5237499999999997
000764 2.5225
000645 2.52125
000840 2.52125
710502 2.52125
000343 2.5212499999999998
180009 2.5212499999999998
000677 2.52
003711 2.52
519506 2.52
000464 2.5199999999999996
004262 2.5199999999999996
000204 2.51875
000211 2.51875
000869 2.5175
000848 2.5174999999999996
004470 2.517142857142857
675123 2.517142857142857
007791 2.516
007824 2.5159999999999996
675032 2.5150000000000006
005201 2.515
006607 2.515
006647 2.515
519512 2.515
000868 2.51375
000638 2.5125
253051 2.5124999999999997
006794 2.512
004718 2.5114285714285716
000528 2.51125
000861 2.51125
000509 2.5100000000000002
005098 2.5100000000000002
003534 2.50875
004449 2.5085714285714285
000381 2.5075
202307 2.5075
004862 2.507142857142857
004863 2.507142857142857
161615 2.50625
007967 2.5060000000000002
008339 2.5060000000000002
000682 2.5025000000000004
001992 2.5025
000874 2.501428571428572
000425 2.50125
583101 2.50125
007057 2.5
000758 2.4987500000000002
003968 2.49875
004186 2.498571428571428
008080 2.4979999999999998
000604 2.4975
000980 2.4962500000000003
000569 2.49625
000618 2.49625
003482 2.49625
519567 2.49625
007991 2.496
007064 2.494
000607 2.49375
000588 2.49125
000699 2.49125
007390 2.49
004938 2.4899999999999998
000786 2.48875
160609 2.48875
000539 2.4875
004078 2.4875
001624 2.485
511660 2.4849999999999994
002201 2.48375
000923 2.4837499999999997
530002 2.4825
006908 2.482
007956 2.4819999999999998
004368 2.481428571428571
000009 2.48
004971 2.4785714285714286
004097 2.4775
161622 2.4775
003364 2.4774999999999996
002469 2.475714285714286
002324 2.47375
000709 2.4725
000818 2.4725
003479 2.4725
000650 2.47125
001929 2.47125
519518 2.47125
000642 2.47
004179 2.47
482002 2.46875
519509 2.46875
519516 2.46875
519589 2.46875
400005 2.4650000000000003
001211 2.46375
002883 2.4624999999999995
004120 2.4614285714285713
004170 2.4614285714285713
002710 2.4612499999999997
004841 2.46
310339 2.46
320019 2.46
519801 2.46
000726 2.45875
003392 2.45875
000580 2.4575
001077 2.45625
003536 2.455
007488 2.4539999999999997
005230 2.4528571428571433
000713 2.4525
000857 2.4525
000389 2.4524999999999997
001894 2.4524999999999997
001527 2.45125
003252 2.45125
003874 2.45
005150 2.4499999999999997
005162 2.4499999999999997
511690 2.4475000000000002
002546 2.4475
159002 2.4475
000301 2.44625
000651 2.4450000000000003
000735 2.4450000000000003
270004 2.445
004399 2.4442857142857144
150998 2.4442857142857144
001232 2.4387499999999998
002894 2.4387499999999998
392002 2.4387499999999998
004199 2.4385714285714286
004811 2.437142857142857
000704 2.43625
001095 2.43625
002829 2.43625
001094 2.435
005097 2.431666666666666
000922 2.4312500000000004
004893 2.43
620010 2.4275
020007 2.42625
002936 2.4257142857142857
004331 2.4257142857142853
004398 2.424285714285714
000773 2.42375
005057 2.4228571428571426
001973 2.4225
003923 2.4214285714285717
000722 2.42125
001812 2.42125
070008 2.42125
001925 2.4212499999999997
002828 2.42
007914 2.42
202301 2.42
000559 2.41875
000615 2.4187499999999997
002759 2.41625
008255 2.4160000000000004
001477 2.415
004502 2.414285714285714
511830 2.4125
004869 2.4114285714285715
000379 2.41125
003042 2.41
004060 2.41
005134 2.41
003075 2.40875
003515 2.40875
000626 2.4075
000847 2.4074999999999998
080011 2.4074999999999998
511960 2.4050000000000002
040038 2.4025000000000003
004121 2.4025
006893 2.402
288101 2.40125
004866 2.4
004568 2.3985714285714286
000475 2.3975
001134 2.3975
511920 2.3975
511600 2.3962499999999998
000816 2.39375
001698 2.39375
000701 2.3925
001391 2.3925
511810 2.3924999999999996
004984 2.391428571428571
003792 2.39
519879 2.38875
007591 2.3880000000000003
002788 2.3875
003228 2.3875
003003 2.3874999999999997
006406 2.3866666666666667
002078 2.38625
240006 2.38375
004372 2.382857142857143
000542 2.3825
002302 2.38
007759 2.38
002852 2.37875
090005 2.3775000000000004
000921 2.3775
660007 2.375
001867 2.37125
511900 2.37125
001981 2.36875
519508 2.36875
001240 2.3674999999999997
003422 2.3674999999999997
004553 2.367142857142857
004749 2.367142857142857
370011 2.365
004216 2.364285714285714
000760 2.36375
000779 2.36375
001175 2.36375
519999 2.3625
008243 2.362
004904 2.361428571428571
000771 2.36125
200003 2.36125
001006 2.3600000000000003
002957 2.36
003460 2.35875
213009 2.35875
000331 2.3587499999999997
002235 2.3575
003525 2.3562499999999997
004896 2.355714285714286
000724 2.3550000000000004
110016 2.3537500000000002
750007 2.3537500000000002
730003 2.35375
003467 2.3525
150988 2.3514285714285714
290001 2.3512500000000003
260102 2.35125
000882 2.35
003316 2.34875
420006 2.34875
420106 2.3475
005058 2.347142857142857
008472 2.346
004968 2.345714285714286
002847 2.345
000505 2.34375
511880 2.3437499999999996
001251 2.3425000000000002
000198 2.3425
005107 2.3414285714285716
740601 2.34125
001101 2.34
001843 2.34
004494 2.337142857142857
000380 2.33625
003537 2.334285714285714
000907 2.3325
541011 2.33
000710 2.32875
006735 2.3280000000000003
000862 2.3275
004056 2.327142857142857
000681 2.32625
003478 2.32625
007065 2.3259999999999996
511930 2.325
000871 2.32375
121011 2.32375
090022 2.3237499999999995
100025 2.3225000000000002
005420 2.3216666666666668
002647 2.3200000000000003
004717 2.318571428571429
004501 2.3185714285714285
000740 2.3175
000982 2.3175
002318 2.31625
511820 2.31625
002185 2.3137499999999998
163802 2.3137499999999998
005350 2.3120000000000003
000483 2.3075
003588 2.3075
004282 2.307142857142857
007406 2.306
002260 2.3025
360003 2.3025
002243 2.3024999999999998
005135 2.3016666666666663
166014 2.30125
002247 2.3012499999999996
002747 2.3000000000000003
005153 2.2985714285714285
690010 2.2975
003539 2.295
050003 2.295
008011 2.2920000000000003
004796 2.291428571428572
150005 2.2912500000000002
217004 2.29125
004770 2.29
511990 2.28875
000434 2.2875
159003 2.2875
460006 2.2875
000829 2.287142857142857
002672 2.285
040003 2.28375
005092 2.282857142857143
550010 2.2825
001870 2.28
003398 2.2775
180008 2.27625
710501 2.27625
004261 2.275714285714286
675071 2.275
000203 2.2737499999999997
000210 2.2737499999999997
511670 2.2728571428571422
519505 2.2725
008548 2.272
253050 2.27
002202 2.2699999999999996
675031 2.2687500000000003
519511 2.26875
002299 2.2685714285714282
070029 2.2675
004169 2.2671428571428573
159006 2.26625
000855 2.265
005122 2.2642857142857147
004861 2.2614285714285716
007058 2.2600000000000002
000785 2.25875
001991 2.25875
161608 2.25875
000873 2.257142857142857
004185 2.2528571428571427
000424 2.2525
519566 2.2525
519568 2.2525
583001 2.2525
006673 2.2520000000000002
005993 2.2516666666666665
004787 2.2514285714285713
000366 2.2487500000000002
000787 2.24625
004198 2.244285714285714
004939 2.244285714285714
511980 2.2437500000000004
630112 2.2437500000000004
003998 2.242857142857143
160606 2.2425
000863 2.24
002200 2.24
350004 2.2375000000000003
004077 2.23625
000548 2.2357142857142853
004970 2.234285714285714
007920 2.234
003363 2.2312499999999997
004178 2.2257142857142855
519588 2.225
000832 2.2225
002709 2.2175000000000002
320002 2.215
310338 2.21375
000576 2.2137499999999997
003389 2.2128571428571426
511910 2.2112499999999997
000644 2.21
000712 2.205
000683 2.20375
004286 2.202857142857143
000300 2.20125
000734 2.19875
008733 2.198
007866 2.196
008104 2.196
392001 2.19375
511950 2.1925
159001 2.1887499999999998
004983 2.187142857142857
006481 2.184
004330 2.1799999999999997
000325 2.17875
001699 2.17625
005056 2.1757142857142853
003994 2.174285714285715
000721 2.17375
511970 2.17375
004700 2.1714285714285717
410002 2.17
003665 2.1637500000000003
000750 2.16375
001916 2.16375
004985 2.162857142857143
004865 2.1542857142857144
004133 2.152857142857143
001697 2.1475
002077 2.14
004903 2.1357142857142857
511860 2.1350000000000002
370010 2.11875
005020 2.1185714285714288
004967 2.1142857142857143
110006 2.11
001842 2.1075
511800 2.1075
000741 2.10625
750006 2.10625
511650 2.105714285714286
004493 2.1014285714285714
020031 2.0949999999999998
004849 2.094285714285714
540011 2.0862499999999997
002646 2.0787500000000003
630012 2.07625
000981 2.0725
002184 2.0675
004210 2.0585714285714287
159005 2.04625
002298 2.0357142857142856
004151 2.031428571428571
003388 2.03
007489 2.026
070028 2.0237499999999997
004786 2.0185714285714287
007521 2.0100000000000002
004701 2.005714285714286
003997 1.9942857142857144
007394 1.9920000000000002
007730 1.9920000000000002
007073 1.9780000000000002
003365 1.9775
007226 1.9740000000000002
519888 1.97
519898 1.9674999999999998
007869 1.966
006777 1.9659999999999997
004152 1.964
004073 1.9585714285714286
000324 1.9575
001621 1.9575
004285 1.9528571428571428
519858 1.95
006403 1.938
003171 1.9375
008742 1.934
004699 1.9271428571428568
005065 1.9149999999999998
003585 1.90625
007864 1.9019999999999997
006806 1.8820000000000001
519878 1.8775
008105 1.86
519800 1.85625
007522 1.8560000000000003
005503 1.8399999999999999
007868 1.8219999999999998
008191 1.8200000000000003
007766 1.8199999999999998
008393 1.812
004684 1.7657142857142858
004072 1.7342857142857144
008192 1.714
470060 1.684
007395 1.6779999999999997
008193 1.642
007805 1.516
511620 1.4757142857142858
470014 1.1039999999999999
511770 1.0185714285714287
001177 1.0075
