000005
000009
000010
000013
000015
000016
000024
000025
000032
000033
000037
000069
000074
000077
000084
000085
000089
000090
000105
000106
000107
000109
000111
000112
000116
000122
000123
000128
000129
000130
000134
000137
000138
000139
000141
000152
000153
000174
000181
000182
000183
000186
000187
000188
000191
000192
000194
000197
000198
000201
000203
000204
000205
000206
000210
000211
000212
000213
000227
000252
000253
000265
000266
000267
000271
000272
000277
000286
000289
000298
000300
000301
000305
000306
000310
000319
000320
000322
000324
000325
000330
000331
000332
000335
000343
000345
000346
000347
000351
000352
000359
000366
000369
000371
000379
000380
000381
000389
000394
000395
000396
000397
000415
000416
000424
000425
000434
000436
000459
000464
000465
000469
000475
000476
000483
000484
000487
000488
000493
000494
000495
000503
000504
000505
000506
000509
000516
000517
000521
000528
000533
000539
000540
000542
000543
000546
000548
000552
000553
000559
000560
000569
000573
000575
000576
000580
000581
000588
000599
000600
000602
000604
000605
000606
000607
000615
000618
000620
000621
000625
000626
000627
000638
000640
000641
000642
000644
000645
000647
000648
000650
000651
000655
000662
000665
000668
000669
000673
000677
000678
000681
000682
000683
000686
000687
000693
000694
000699
000700
000701
000704
000705
000707
000709
000710
000712
000713
000715
000716
000719
000721
000722
000724
000725
000726
000730
000734
000735
000736
000740
000741
000748
000750
000758
000759
000760
000764
000771
000773
000779
000783
000784
000785
000786
000787
000789
000790
000791
000792
000797
000799
000801
000802
000808
000809
000814
000816
000818
000829
000830
000832
000833
000836
000837
000839
000840
000846
000847
000848
000855
000856
000857
000860
000861
000862
000863
000868
000869
000871
000872
000873
000874
000882
000883
000891
000895
000898
000899
000903
000905
000907
000908
000910
000911
000912
000914
000917
000920
000921
000922
000923
000931
000943
000980
000981
000982
001006
001010
001025
001026
001046
001057
001058
001077
001078
001094
001095
001096
001101
001122
001123
001134
001175
001176
001177
001211
001232
001233
001234
001235
001240
001246
001247
001251
001299
001308
001316
001338
001355
001356
001368
001369
001374
001386
001391
001401
001428
001470
001477
001478
001497
001516
001526
001527
001529
001545
001546
001578
001619
001621
001624
001625
001661
001666
001669
001693
001697
001698
001699
001710
001711
001776
001783
001784
001794
001800
001812
001819
001820
001821
001826
001842
001843
001867
001868
001870
001871
001893
001894
001895
001906
001909
001911
001916
001925
001926
001929
001930
001931
001937
001941
001950
001957
001961
001968
001969
001973
001981
001982
001987
001988
001989
001991
001992
001993
002015
002018
002019
002049
002065
002066
002073
002074
002077
002078
002086
002091
002109
002116
002117
002128
002140
002143
002146
002147
002169
002175
002176
002183
002184
002185
002188
002195
002198
002200
002201
002202
002218
002234
002235
002243
002245
002246
002247
002248
002254
002255
002260
002265
002274
002275
002298
002299
002302
002318
002324
002325
002336
002338
002341
002344
002354
002361
002377
002404
002438
002442
002452
002466
002469
002483
002486
002490
002491
002507
002519
002520
002523
002524
002528
002529
002546
002548
002549
002550
002552
002568
002569
002578
002592
002603
002632
002633
002635
002638
002646
002647
002650
002659
002672
002673
002679
002680
002698
002704
002709
002710
002716
002722
002733
002747
002748
002750
002753
002754
002755
002756
002757
002758
002759
002760
002775
002788
002795
002796
002797
002805
002807
002811
002812
002817
002818
002825
002828
002829
002832
002834
002847
002852
002855
002864
002865
002868
002869
002881
002882
002883
002884
002889
002890
002894
002895
002898
002899
002904
002905
002912
002915
002917
002918
002920
002925
002928
002929
002930
002936
002937
002957
002958
002960
002964
002970
002985
002991
002994
002995
002996
002997
003002
003003
003009
003010
003013
003014
003022
003024
003034
003039
003040
003041
003042
003043
003050
003056
003071
003072
003073
003074
003075
003078
003081
003082
003102
003103
003121
003130
003155
003156
003157
003159
003160
003162
003163
003164
003171
003179
003185
003187
003188
003192
003193
003195
003196
003199
003200
003206
003207
003210
003213
003214
003220
003223
003226
003227
003228
003229
003244
003245
003246
003252
003253
003258
003259
003260
003264
003265
003266
003267
003268
003269
003270
003277
003278
003280
003281
003285
003287
003288
003290
003294
003297
003309
003310
003313
003314
003315
003316
003317
003324
003325
003327
003328
003329
003330
003337
003349
003357
003363
003364
003365
003388
003389
003390
003391
003392
003393
003395
003398
003399
003400
003402
003407
003408
003411
003412
003417
003418
003422
003423
003424
003428
003429
003440
003441
003442
003443
003445
003448
003449
003450
003451
003452
003453
003454
003455
003457
003460
003461
003465
003467
003468
003473
003474
003478
003479
003480
003481
003482
003483
003487
003498
003499
003500
003502
003503
003515
003517
003518
003519
003520
003521
003525
003526
003527
003528
003529
003532
003533
003534
003535
003536
003537
003538
003539
003545
003547
003549
003564
003566
003568
003569
003570
003571
003572
003573
003574
003583
003584
003585
003588
003589
003590
003605
003607
003612
003614
003615
003618
003619
003637
003638
003640
003648
003650
003651
003656
003657
003665
003668
003669
003671
003672
003673
003674
003678
003679
003681
003696
003708
003709
003711
003712
003728
003730
003734
003735
003741
003742
003746
003747
003748
003752
003753
003767
003768
003770
003788
003792
003793
003794
003795
003796
003810
003811
003812
003816
003819
003824
003825
003837
003838
003841
003847
003859
003860
003864
003867
003868
003869
003871
003874
003875
003879
003880
003888
003891
003898
003922
003923
003926
003927
003929
003930
003949
003952
003953
003963
003968
003969
003978
003979
003983
003994
003997
003998
003999
004001
004002
004010
004011
004020
004021
004022
004024
004027
004028
004030
004031
004032
004038
004039
004042
004043
004045
004052
004053
004056
004059
004060
004063
004066
004072
004073
004077
004078
004079
004080
004087
004089
004090
004097
004101
004102
004103
004104
004105
004106
004107
004117
004118
004120
004121
004122
004123
004124
004126
004127
004133
004136
004137
004140
004141
004151
004152
004167
004168
004169
004170
004173
004178
004179
004180
004185
004186
004198
004199
004200
004201
004210
004216
004217
004220
004230
004238
004242
004246
004247
004251
004261
004262
004264
004282
004285
004286
004307
004322
004330
004331
004334
004356
004366
004367
004368
004369
004371
004372
004373
004386
004387
004388
004389
004398
004399
004400
004401
004417
004438
004449
004458
004459
004463
004464
004465
004469
004470
004479
004493
004494
004498
004499
004501
004502
004503
004544
004545
004547
004548
004553
004555
004556
004567
004568
004570
004589
004596
004601
004602
004603
004614
004615
004629
004630
004632
004637
004638
004639
004655
004656
004667
004672
004673
004681
004682
004684
004685
004689
004699
004700
004701
004705
004706
004717
004718
004722
004723
004728
004729
004736
004749
004770
004771
004776
004780
004786
004787
004796
004797
004800
004811
004821
004825
004831
004832
004838
004839
004841
004844
004849
004859
004861
004862
004863
004864
004865
004866
004869
004882
004887
004893
004894
004896
004899
004903
004904
004910
004911
004919
004920
004921
004922
004923
004924
004938
004939
004940
004941
004954
004955
004956
004957
004960
004964
004967
004968
004970
004971
004972
004973
004978
004980
004981
004983
004984
004985
005010
005011
005019
005020
005024
005025
005054
005056
005057
005058
005065
005070
005072
005073
005074
005077
005079
005092
005097
005098
005099
005107
005122
005124
005127
005131
005132
005134
005135
005148
005149
005150
005151
005153
005158
005159
005160
005162
005171
005172
005194
005195
005196
005199
005200
005201
005202
005208
005213
005214
005230
005234
005253
005277
005286
005289
005307
005308
005309
005315
005321
005322
005327
005336
005338
005340
005345
005346
005350
005361
005362
005363
005364
005365
005366
005367
005369
005375
005377
005378
005383
005384
005388
005393
005398
005407
005408
005410
005411
005419
005420
005425
005426
005428
005431
005432
005435
005436
005439
005442
005443
005446
005448
005451
005452
005455
005465
005466
005467
005468
005469
005470
005471
005476
005480
005485
005488
005497
005501
005503
005507
005508
005523
005525
005529
005531
005532
005547
005548
005556
005561
005562
005573
005574
005575
005577
005578
005588
005590
005591
005592
005594
005595
005601
005602
005606
005610
005611
005617
005622
005623
005624
005625
005631
005637
005641
005645
005647
005648
005649
005654
005655
005666
005667
005677
005679
005684
005685
005686
005690
005703
005704
005705
005709
005710
005712
005713
005714
005718
005719
005720
005722
005723
005725
005731
005736
005740
005745
005749
005752
005753
005754
005755
005756
005766
005772
005778
005779
005780
005781
005782
005783
005784
005785
005786
005790
005791
005792
005816
005817
005818
005820
005828
005831
005836
005837
005838
005839
005841
005842
005845
005849
005851
005853
005854
005857
005858
005862
005863
005864
005871
005872
005879
005882
005884
005895
005896
005897
005898
005917
005920
005921
005931
005932
005936
005951
005952
005964
005971
005972
005988
005989
005990
005992
005993
005995
005996
006011
006012
006015
006016
006023
006024
006026
006027
006029
006032
006033
006035
006036
006037
006043
006044
006045
006047
006053
006054
006055
006065
006066
006067
006068
006069
006070
006071
006076
006077
006082
006083
006086
006088
006089
006092
006093
006094
006095
006096
006097
006099
006107
006108
006112
006116
006120
006134
006135
006137
006142
006145
006146
006149
006150
006151
006152
006153
006163
006169
006170
006171
006172
006173
006174
006175
006176
006177
006178
006180
006183
006184
006185
006186
006187
006188
006191
006192
006206
006210
006211
006212
006213
006219
006222
006224
006237
006242
006258
006264
006275
006276
006284
006287
006288
006300
006301
006304
006316
006319
006320
006325
006326
006331
006332
006333
006337
006340
006353
006360
006361
006367
006378
006383
006384
006387
006388
006389
006390
006393
006394
006403
006404
006405
006406
006409
006410
006411
006412
006415
006421
006422
006423
006426
006427
006428
006431
006432
006434
006436
006437
006443
006444
006450
006451
006452
006453
006454
006456
006464
006465
006468
006470
006471
006475
006481
006484
006485
006488
006489
006490
006491
006492
006493
006494
006495
006496
006497
006504
006505
006506
006508
006509
006510
006513
006514
006515
006516
006519
006520
006542
006543
006544
006545
006546
006549
006552
006553
006554
006558
006559
006562
006565
006570
006571
006576
006577
006582
006588
006589
006591
006592
006596
006597
006598
006599
006606
006607
006609
006617
006625
006626
006627
006629
006630
006631
006632
006633
006634
006635
006636
006640
006645
006646
006647
006653
006660
006661
006662
006663
006664
006665
006666
006667
006668
006669
006670
006672
006673
006674
006677
006678
006681
006683
006684
006695
006706
006707
006708
006714
006715
006717
006725
006734
006735
006740
006741
006742
006745
006750
006754
006758
006760
006761
006762
006764
006771
006772
006773
006774
006776
006777
006782
006789
006790
006791
006793
006794
006795
006797
006798
006799
006800
006804
006805
006806
006811
006812
006824
006825
006826
006827
006828
006829
006830
006831
006834
006835
006837
006838
006841
006842
006846
006847
006848
006849
006850
006851
006852
006853
006856
006865
006866
006869
006870
006871
006874
006875
006884
006885
006889
006893
006901
006902
006903
006907
006908
006913
006914
006915
006916
006917
006919
006920
006922
006925
006927
006929
006932
006933
006934
006935
006936
006941
006944
006946
006947
006948
006949
006953
006954
006955
006956
006958
006959
006960
006961
006962
006963
006965
006966
006970
006974
006975
006978
006979
006980
006984
006985
006986
006987
006988
006989
006990
006993
006994
006995
006996
006997
006998
006999
007000
007001
007008
007009
007010
007011
007014
007015
007017
007018
007019
007020
007021
007022
007023
007024
007025
007026
007027
007034
007037
007050
007053
007054
007055
007057
007058
007061
007062
007064
007065
007068
007069
007073
007075
007078
007079
007086
007088
007091
007092
007093
007094
007095
007097
007098
007104
007105
007116
007121
007122
007123
007124
007125
007145
007147
007148
007149
007150
007155
007156
007157
007158
007161
007165
007166
007167
007168
007169
007170
007171
007172
007173
007174
007175
007176
007179
007180
007181
007184
007185
007186
007187
007189
007190
007194
007195
007196
007197
007198
007201
007206
007208
007209
007210
007212
007213
007214
007215
007218
007219
007220
007224
007225
007226
007227
007229
007240
007245
007246
007252
007253
007256
007259
007260
007268
007269
007278
007279
007284
007285
007286
007289
007290
007292
007295
007296
007299
007302
007303
007304
007311
007312
007319
007320
007321
007323
007324
007325
007327
007328
007329
007330
007331
007332
007333
007335
007336
007337
007338
007342
007347
007348
007351
007352
007364
007365
007370
007371
007372
007373
007374
007375
007376
007377
007378
007383
007384
007385
007390
007394
007395
007396
007406
007408
007409
007414
007417
007418
007419
007420
007425
007426
007427
007428
007429
007430
007432
007433
007435
007440
007441
007442
007447
007451
007454
007456
007457
007458
007459
007461
007462
007466
007467
007478
007480
007482
007485
007486
007488
007489
007492
007495
007496
007507
007508
007509
007510
007511
007513
007515
007516
007517
007520
007521
007522
007525
007526
007529
007530
007532
007535
007536
007537
007540
007542
007543
007544
007545
007546
007551
007552
007554
007555
007556
007557
007558
007559
007560
007561
007562
007563
007564
007566
007567
007568
007572
007573
007576
007582
007583
007584
007585
007587
007588
007589
007591
007595
007596
007598
007600
007603
007604
007611
007612
007616
007617
007618
007619
007635
007636
007637
007640
007644
007645
007647
007655
007656
007659
007670
007676
007677
007680
007681
007682
007691
007692
007693
007696
007699
007701
007702
007703
007704
007706
007707
007708
007709
007710
007711
007712
007714
007715
007716
007717
007719
007720
007723
007730
007736
007738
007739
007740
007741
007744
007745
007746
007754
007755
007756
007758
007759
007761
007762
007765
007766
007767
007769
007772
007778
007790
007791
007805
007823
007824
007828
007829
007830
007836
007837
007838
007845
007852
007858
007859
007860
007864
007865
007866
007867
007868
007869
007870
007871
007877
007878
007888
007889
007890
007901
007902
007907
007908
007912
007913
007914
007915
007916
007920
007926
007928
007930
007931
007935
007936
007941
007942
007946
007947
007948
007949
007953
007954
007956
007957
007958
007961
007962
007963
007964
007967
007969
007970
007971
007972
007979
007981
007985
007986
007987
007988
007989
007990
007991
007996
007997
007998
007999
008000
008002
008003
008004
008010
008011
008012
008013
008014
008015
008016
008017
008018
008019
008022
008027
008028
008030
008031
008032
008039
008040
008042
008043
008046
008047
008048
008049
008054
008055
008060
008064
008067
008068
008080
008081
008102
008104
008105
008106
008108
008109
008114
008115
008117
008122
008123
008125
008126
008130
008139
008146
008147
008161
008165
008170
008171
008172
008173
008176
008191
008192
008193
008204
008205
008206
008207
008211
008214
008215
008216
008217
008219
008223
008224
008225
008226
008229
008231
008232
008233
008242
008243
008255
008256
008257
008266
008267
008268
008269
008270
008278
008279
008280
008287
008288
008289
008296
008302
008316
008329
008330
008333
008338
008339
008340
008341
008344
008349
008352
008355
008356
008361
008362
008363
008366
008369
008377
008383
008392
008393
008394
008395
008398
008401
008406
008409
008411
008414
008426
008427
008428
008429
008430
008431
008432
008433
008434
008439
008440
008448
008449
008460
008463
008464
008465
008466
008471
008472
008478
008482
008483
008484
008485
008486
008487
008488
008489
008490
008493
008496
008497
008498
008503
008505
008506
008508
008509
008510
008516
008517
008521
008523
008535
008536
008539
008540
008548
008549
008550
008554
008558
008559
008560
008561
008565
008566
008567
008568
008569
008570
008571
008572
008574
008575
008576
008577
008578
008579
008582
008583
008584
008587
008588
008589
008595
008596
008597
008606
008607
008608
008612
008613
008614
008615
008620
008624
008626
008627
008628
008636
008637
008642
008643
008644
008645
008646
008647
008648
008649
008650
008651
008652
008653
008654
008659
008661
008662
008663
008668
008669
008670
008674
008675
008676
008677
008686
008687
008688
008690
008691
008692
008693
008694
008695
008696
008700
008703
008706
008707
008715
008717
008718
008721
008722
008724
008728
008729
008730
008731
008732
008733
008735
008738
008739
008742
008745
008746
008747
008748
008756
008759
008760
008761
008762
008765
008766
008767
008771
008772
008774
008775
008780
008783
008784
008785
008796
008797
008798
008799
008802
008803
008804
008805
008806
008807
008808
008818
008820
008821
008825
008826
008829
008835
008844
008845
008850
008856
008857
008858
008859
008862
008863
008864
008865
008868
008873
008874
008875
008876
008877
008880
008881
008882
008883
008893
008894
008896
008900
008902
008904
008911
008913
008921
008922
008925
008933
008937
008938
008951
008956
008957
008959
008964
008965
008968
008971
008974
008982
008993
008994
008995
008996
008999
009001
009002
009005
009006
009018
009019
009021
009022
009035
009036
009037
009038
009041
009042
009045
009050
009053
009081
009082
009083
009087
009088
009091
009093
009094
009095
009098
009099
009100
009104
009105
009109
009110
009118
009124
009125
009148
009164
009166
009167
009168
009171
009172
009177
009196
009197
009203
009204
009207
009212
009219
009220
009227
009229
009235
009236
009237
009238
009251
009252
009253
009254
009255
009256
009257
009267
009268
009269
009271
009272
009278
009279
009284
009287
009288
009289
009290
009291
009292
009293
009294
009295
009298
009299
009301
009302
009303
009304
009305
009306
009309
009310
009311
009315
009316
009323
009324
009325
009338
009339
009343
009344
009349
009350
009356
009357
009386
009393
009396
009397
009399
009403
009405
009406
009417
009418
009421
009422
009425
009443
009444
009450
009452
009453
009456
009457
009458
009459
009461
009462
009463
009464
009483
009484
009485
009493
009494
009495
009496
009506
009509
009510
009517
009518
009523
009524
009529
009530
009532
009533
009534
009535
009541
009543
009544
009552
009553
009560
009561
009563
009567
009577
009578
009579
009580
009581
009582
009583
009584
009585
009586
009587
009588
009589
009593
009594
009599
009600
009603
009604
009605
009615
009616
009617
009625
009632
009633
009637
009642
009643
009655
009656
009657
009666
009670
009673
009674
009679
009685
009689
009690
009699
009702
009703
009711
009712
009713
009721
009722
009732
009738
009739
009744
009748
009749
009756
009757
009759
009760
009761
009765
009770
009771
009772
009773
009780
009784
009785
009786
009790
009792
009793
009799
009802
009803
009809
009814
009815
009816
009824
009825
009831
009832
009833
009834
009836
009839
009844
009845
009851
009866
009871
009889
009890
009894
009895
009906
009920
009921
009922
009923
009924
009927
009928
009933
009942
009947
009953
009976
009979
009980
009985
010005
010011
010012
010035
010036
010038
010048
010051
010056
010057
010083
010084
010085
010086
010087
010092
010099
010145
010146
010168
010169
010173
010191
010192
010208
010223
010226
010227
010232
010233
010240
010241
010247
010248
010251
010252
010254
010255
010256
010262
010263
010278
010279
010288
010294
010295
010309
010310
010324
010325
010353
010354
010365
010397
010430
010431
010435
010436
010440
010441
010443
010459
010462
010463
010464
010467
010468
010471
010472
010476
010477
010479
010482
010485
010486
010497
010501
010502
010507
010509
010510
010512
010527
010529
010530
010565
010566
010567
010577
010578
010580
010581
010582
010597
010598
010603
010604
010605
010606
010607
010621
010626
010627
010631
010632
010634
010635
010639
010653
010670
010719
010727
010733
010734
010747
010748
010753
010758
010767
010768
010794
010803
010804
010810
010811
010836
010848
010856
010859
010860
010862
010883
010884
010910
010933
010946
010959
010960
010973
010976
010983
010986
011007
011008
011009
011010
011012
011018
011019
011024
011029
011038
011039
011048
011049
011052
011053
011057
011062
011063
011067
011079
011080
011083
011086
011087
011088
011094
011101
011115
011116
011118
011141
011166
011187
011200
011208
011209
011222
011234
011235
011249
011250
011258
011262
011263
011292
011294
011310
011311
011413
011464
011489
011490
011491
011496
011497
011529
011547
011554
011555
011597
011617
011619
011620
011622
011623
011628
011634
011641
011642
011655
011656
011657
011658
011659
011660
011661
011662
011683
011699
011700
011719
011725
011742
011754
011759
011760
011796
011797
011803
011804
011830
011831
011849
011850
011864
011880
011881
011890
011910
011919
011920
011929
011943
011944
011946
011947
011950
011951
011952
011953
011954
011955
011960
011961
011962
011968
011973
011974
011979
011983
011984
011985
011986
011993
011997
011998
011999
012000
012012
012013
012016
012031
012032
012035
012039
012059
012063
012092
012099
012100
012101
012104
012105
012115
012118
012128
012129
012133
012134
012136
012137
012138
012165
012166
012168
012169
012172
012229
012230
012231
012232
012240
012242
012246
012247
012256
012257
012265
012266
012267
012270
012273
012274
012279
012280
012285
012286
012290
012291
012295
012306
012310
012324
012325
012336
012337
012352
012353
012356
012357
012360
012361
012376
012384
012385
012392
012393
012395
012396
012403
012404
012413
012418
012423
012424
012425
012440
012441
012451
012452
012453
012465
012468
012469
012470
012489
012490
012563
012564
012566
012567
012574
012575
012580
012581
012590
012591
012592
012593
012594
012595
012601
012602
012603
012609
012610
012611
012612
012618
012623
012624
012625
012632
012633
012643
012644
012648
012649
012660
012669
012670
012692
012693
012700
012701
012702
012714
012732
012733
012734
012735
012736
012742
012745
012750
012761
012762
012773
012774
012775
012784
012795
012797
012803
012806
012807
012814
012823
012824
012830
012841
012843
012856
012858
012859
012890
012897
012902
012903
012915
012916
012920
012921
012922
012923
012931
012932
012933
012934
012935
012937
012938
012939
012941
012942
012945
012946
012947
012948
012953
012954
012957
012958
012991
013002
013003
013008
013033
013034
013036
013062
013065
013066
013068
013069
013070
013071
013075
013076
013077
013087
013099
013100
013111
013112
013115
013131
013136
013138
013140
013146
013156
013159
013164
013165
013166
013167
013168
013169
013170
013186
013187
013193
013194
013202
013203
013206
013207
013208
013213
013214
013215
013216
013217
013222
013223
013225
013226
013227
013228
013235
013236
013237
013243
013251
013252
013263
013264
013265
013267
013268
013272
013275
013281
013282
013283
013297
013325
013333
013336
013351
013352
013360
013373
013374
013375
013376
013378
013379
013380
013391
013399
013400
013401
013405
013406
013408
013409
013411
013412
013419
013421
013423
013424
013428
013429
013449
013456
013457
013458
013459
013460
013463
013464
013468
013482
013487
013492
013493
013494
013497
013498
013522
013523
013536
013537
013538
013543
013544
013545
013546
013547
013563
013564
013565
013573
013574
013577
013578
013579
013580
013585
013586
013592
013593
013594
013596
013609
013611
013612
013645
013646
013648
013649
013650
013653
013654
013656
013663
013664
013667
013668
013670
013672
013673
013689
013690
013691
013692
013696
013699
013700
013703
013706
013707
013716
013717
013718
013719
013723
013728
013729
013730
013737
013738
013743
013744
013745
013746
013751
013752
013753
013754
013773
013780
013788
013790
013791
013792
013799
013800
013801
013804
013805
013806
013807
013808
013809
013814
013815
013820
013821
013822
013824
013827
013828
013838
013839
013853
013854
013857
013858
013863
013864
013865
013866
013875
013901
013902
013912
013914
013931
013945
013952
013953
013958
013959
013964
013965
013966
013969
013970
013972
013973
013974
013975
013976
013977
013978
013979
013982
013987
013988
013995
013996
013997
014004
014005
014012
014013
014026
014027
014055
014059
014060
014072
014073
014076
014081
014082
014083
014084
014086
014087
014094
014097
014098
014101
014102
014105
014137
014138
014148
014149
014165
014166
014167
014168
014169
014170
014184
014195
014196
014209
014217
014222
014223
014230
014231
014234
014240
014242
014248
014249
014250
014251
014257
014258
014259
014265
014266
014281
014284
014290
014297
014298
014315
014316
014329
014343
014367
014375
014376
014377
014378
014379
014383
014384
014387
014388
014391
014392
014397
014398
014399
014400
014403
014426
014427
014428
014429
014430
014435
014437
014440
014443
014444
014446
014447
014448
014449
014450
014451
014452
014456
014457
014458
014459
014464
014465
014468
014469
014474
014475
014476
014477
014480
014481
014484
014485
014486
014487
014490
014491
014494
014502
014503
014504
014510
014511
014512
014517
014518
014524
014525
014552
014553
014570
014579
014580
014582
014583
014593
014594
014595
014596
014597
014598
014599
014610
014623
014624
014625
014626
014636
014637
014638
014643
014644
014655
014656
014657
014658
014661
014662
014668
014669
014670
014671
014672
014675
014676
014678
014679
014688
014697
014698
014705
014710
014711
014712
014713
014714
014720
014721
014723
014730
014731
014732
014733
014738
014739
014740
014741
014742
014743
014748
014749
014759
014760
014767
014768
014769
014770
014771
014772
014775
014778
014779
014780
014785
014801
014802
014809
014810
014814
014815
014816
014817
014822
014823
014824
014829
014830
014846
014847
014848
014852
014853
014856
014857
014858
014859
014860
014870
014876
014877
014880
014881
014882
014883
014884
014887
014888
014889
014892
014893
014896
014897
014898
014904
014905
014910
014911
014912
014924
014925
014926
014944
014945
014952
014955
014956
014959
014965
014966
014968
014969
014973
014974
014975
014978
014982
014984
014991
014992
014993
015003
015008
015009
015016
015018
015019
015020
015021
015022
015045
015049
015063
015064
015069
015070
015076
015081
015082
015106
015107
015108
015109
015120
015143
015152
015155
015156
015164
015166
015167
015168
015169
015175
015178
015202
015203
015204
015205
015207
015209
015231
015232
015233
015235
015239
015240
015241
015242
015243
015244
015245
015248
015249
015255
015256
015257
015260
015261
015262
015263
015271
015272
015273
015274
015275
015284
015297
015298
015299
015300
015301
015302
015307
015312
015315
015316
015323
015330
015331
015332
015333
015334
015335
015340
015341
015342
015349
015350
015351
015362
015363
015368
015369
015370
015371
015372
015375
015376
015377
015378
015379
015380
015389
015393
015395
015397
015400
015401
015402
015403
015404
015405
015408
015409
015410
015411
015414
015415
015419
015420
015421
015422
015423
015426
015427
015433
015434
015435
015438
015439
015445
015446
015447
015448
015450
015451
015452
015464
015465
015466
015467
015469
015470
015471
015472
015473
015474
015476
015477
015478
015479
015480
015482
015483
015485
015486
015487
015488
015489
015490
015492
015493
015494
015499
015500
015501
015502
015503
015504
015516
015517
015518
015519
015520
015523
015524
015525
015529
015530
015531
015532
015533
015534
015539
015540
015542
015543
015544
015545
015546
015551
015552
015557
015558
015563
015564
015565
015566
015569
015580
015581
015583
015584
015590
015591
015597
015598
015606
015607
015609
015612
015615
015616
015620
015621
015622
015624
015625
015626
015629
015632
015643
015644
015645
015646
015647
015648
015649
015650
015651
015653
015654
015659
015660
015661
015672
015675
015676
015678
015693
015701
015702
015705
015706
015712
015716
015717
015720
015721
015726
015727
015728
015730
015734
015735
015736
015746
015747
015771
015778
015779
015782
015783
015784
015785
015786
015791
015792
015793
015802
015803
015804
015805
015806
015809
015810
015811
015815
015816
015817
015818
015819
015822
015823
015824
015825
015826
015827
015830
015831
015832
015833
015834
015835
015836
015837
015840
015841
015844
015845
015848
015851
015852
015853
015854
015855
015856
015857
015858
015859
015860
015861
015862
015863
015864
015865
015866
015867
015868
015869
015875
015876
015877
015880
015881
015893
015894
015908
015909
015910
015913
015917
015918
015923
015924
015925
015926
015929
015930
015931
015932
015933
015934
015935
015938
015939
015942
015943
015944
015948
015949
015955
015956
015957
015958
015959
015960
015961
015962
015969
015972
015976
015977
015978
015979
015984
015985
015987
015988
015991
015992
015995
015996
016002
016005
016006
016007
016008
016009
016011
016012
016015
016016
016017
016023
016024
016025
016026
016027
016028
016031
016032
016034
016035
016036
016037
016038
016039
016040
016043
016044
016045
016046
016047
016055
016056
016057
016058
016063
016066
016071
016072
016080
016081
016082
016083
016088
016089
016093
016094
016096
016107
016108
016109
016110
016111
016112
016115
016116
016126
016127
016128
016129
016132
016135
016140
016141
016142
016143
016144
016148
016149
016150
016151
016152
016160
016161
016162
016172
016180
016181
016184
016189
016190
016191
016192
016193
016194
016198
016199
016200
016201
016202
016203
016206
016207
016208
016210
016211
016212
016213
016219
016220
016221
016222
016223
016224
016231
016234
016235
016236
016239
016240
016241
016247
016248
016249
016252
016253
016259
016260
016261
016270
016271
016272
016273
016278
016279
016280
016295
016296
016299
016300
016301
016302
016303
016304
016307
016308
016313
016314
016315
016318
016319
016320
016321
016322
016325
016326
016327
016328
016332
016338
016339
016342
016344
016347
016348
016353
016354
016357
016358
016359
016360
016361
016362
016363
016366
016376
016377
016388
016389
016392
016393
016394
016395
016396
016397
016403
016404
016405
016406
016407
016408
016409
016410
016411
016414
016415
016416
016417
016419
016420
016424
016426
016427
016428
016429
016430
016431
016432
016433
016438
016439
016442
016443
016446
016447
016448
016449
016450
016451
016452
016453
016456
016457
016466
016467
016468
016472
016473
016475
016476
016477
016478
016479
016481
016482
016483
016484
016491
016497
016500
016501
016506
016507
016508
016510
016511
016512
016513
016514
016515
016516
016519
016523
016526
016527
016528
016529
016532
016533
016534
016535
016536
016537
016538
016539
016540
016545
016546
016547
016548
016557
016563
016565
016568
016569
016574
016575
016576
016581
016582
016583
016584
016585
016586
016587
016595
016596
016597
016598
016601
016603
016604
016605
016606
016607
016608
016609
016610
016611
016612
016613
016614
016615
016618
016619
016625
016628
016629
016636
016637
016639
016640
016641
016642
016644
016649
016651
016652
016654
016655
016656
016657
016658
016659
016660
016661
016662
016663
016664
016665
016667
016668
016669
016672
016673
016674
016675
016682
016683
016684
016687
016688
016689
016691
016692
016693
016694
016695
016696
016701
016702
016703
016704
016711
016712
016715
016716
016717
016718
016721
016722
016723
016724
016727
016728
016731
016732
016734
016739
016743
016744
016745
016746
016747
016748
016749
016750
016752
016753
016754
016755
016758
016759
016760
016765
016768
016769
016770
016771
016774
016775
016778
016779
016783
016787
016788
016789
016790
016791
016792
016793
016794
016799
016800
016801
016802
016804
016806
016807
016808
016809
016810
016811
016812
016813
016816
016817
016823
016826
016827
016830
016831
016832
016833
016834
016835
016838
016839
016840
016841
016842
016843
016844
016845
016846
016850
016852
016853
016855
016859
016860
016863
016864
016865
016866
016869
016871
016872
016875
016876
016877
016878
016879
016880
016881
016882
016883
016884
016885
016887
016888
016889
016890
016897
016898
016899
016900
016901
016914
016917
016918
016923
016925
016926
016927
016928
016929
016930
016931
016932
016933
016934
016936
016937
016938
016939
016940
016941
016942
016943
016945
016947
016948
016951
016952
016953
016955
016956
016957
016958
016959
016960
016964
016965
016966
016967
016968
016969
016974
016975
016978
016979
016980
016983
016984
016985
016986
016987
016991
016993
016999
017000
017001
017004
017005
017006
017007
017008
017009
017010
017011
017012
017017
017018
017024
017025
017026
017027
017028
017030
017032
017033
017043
017045
017046
017047
017050
017051
017052
017053
017054
017055
017058
017059
017060
017061
017062
017067
017068
017071
017072
017075
017076
017077
017078
017079
017080
017081
017082
017083
017084
017085
017086
017087
017090
017091
017092
017093
017094
017095
017096
017097
017100
017101
017102
017103
017104
017105
017106
017109
017111
017112
017113
017114
017115
017118
017119
017120
017121
017122
017123
017124
017127
017128
017129
017130
017131
017134
017135
017136
017137
017138
017139
017142
017143
017144
017145
017146
017149
017150
017151
017152
017153
017156
017159
017160
017161
017162
017163
017164
017165
017166
017167
017171
017172
017173
017174
017175
017176
017180
017181
017182
017183
017184
017187
017192
017193
017198
017199
017200
017201
017202
017203
017204
017205
017206
017207
017208
017209
017210
017211
017214
017215
017216
017217
017220
017221
017224
017225
017226
017227
017230
017231
017232
017233
017234
017235
017238
017244
017245
017259
017260
017261
017262
017265
017266
017267
017269
017270
017280
017284
017285
017291
017292
017293
017294
017298
017299
017300
017301
017303
017304
017305
017306
017307
017308
017309
017310
017311
017314
017315
017318
017320
017323
017324
017325
017328
017329
017331
017332
017336
017343
017347
017359
017378
017384
017385
017387
017389
017390
017394
017396
017412
017413
017414
017415
017416
017417
017420
017421
017422
017423
017424
017425
017428
017432
017433
017434
017435
017436
017437
017438
017439
017440
017441
017442
017443
017444
017447
017448
017449
017450
017453
017454
017455
017456
017457
017458
017459
017460
017462
017463
017464
017466
017469
017470
017471
017472
017473
017474
017475
017476
017477
017478
017481
017482
017488
017489
017490
017491
017492
017493
017495
017496
017497
017498
017499
017500
017503
017504
017505
017506
017507
017509
017510
017512
017513
017514
017529
017530
017531
017532
017533
017534
017535
017536
017537
017538
017539
017540
017541
017542
017544
017545
017546
017547
017548
017549
017550
017551
017552
017553
017554
017555
017556
017559
017560
017561
017562
017563
017564
017566
017567
017568
017569
017570
017573
017574
017575
017576
017577
017578
017579
017580
017581
017582
017583
017584
017586
017587
017588
017589
017590
017591
017592
017593
017594
017595
017596
017600
017601
017602
017603
017606
017607
017608
017609
017610
017611
017612
017613
017614
017615
017616
017617
017618
017619
017620
017621
017622
017623
017624
017625
017626
017627
017629
017630
017631
017637
017638
017639
017640
017641
017642
017643
017644
017645
017651
017652
017653
017654
017655
017656
017659
017660
017661
017662
017663
017664
017665
017666
017669
017670
017671
017677
017678
017680
017681
017682
017683
017684
017687
017688
017689
017690
017691
017692
017693
017694
017695
017699
017700
017701
017702
017703
017704
017705
017706
017707
017708
017709
017710
017711
017712
017715
017716
017717
017718
017719
017720
017721
017722
017725
017728
017729
017730
017731
017732
017733
017734
017735
017736
017739
017740
017741
017742
017743
017744
017745
017746
017747
017748
017749
017750
017753
017754
017756
017757
017758
017759
017760
017761
017763
017764
017765
017766
017768
017769
017770
017771
017772
017773
017774
017775
017776
017777
017778
017779
017780
017781
017782
017783
017784
017787
017788
017789
017793
017794
017795
017796
017797
017800
017801
017802
017805
017806
017809
017810
017811
017812
017817
017818
017819
017820
017821
017822
017823
017824
017825
017826
017827
017828
017829
017830
017831
017832
017833
017835
017836
017837
017838
017839
017840
017841
017842
017843
017844
017845
017850
017851
017853
017854
017855
017856
017857
017858
017862
017863
017864
017865
017866
017867
017868
017869
017871
017872
017874
017880
017881
017882
017883
017886
017887
017888
017892
017893
017896
017897
017899
017901
017902
017903
017904
017905
017906
017907
017908
017909
017910
017912
017913
017917
017918
017919
017920
017924
017925
017926
017927
017928
017929
017930
017931
017932
017935
017936
017939
017940
017941
017942
017943
017944
017945
017946
017947
017948
017949
017950
017952
017953
017954
017955
017956
017957
017960
017961
017964
017965
017968
017970
017971
017972
017973
017974
017975
017976
017979
017980
017983
017984
017985
017986
017987
017988
017989
017990
017991
017992
017996
017997
017998
017999
018000
018001
018002
018003
018004
018005
018006
018008
018009
018010
018011
018012
018013
018014
018015
018016
018019
018020
018023
018027
018028
018031
018032
018033
018034
018035
018036
018037
018042
018043
018044
018047
018048
018049
018050
018051
018054
018055
018056
018058
018059
018060
018061
018062
018063
018064
018065
018066
018067
018068
018071
018072
018074
018080
018081
018082
018083
018084
018085
018086
018087
018090
018091
018092
018093
018094
018095
018098
018099
018100
018101
018102
018103
018104
018105
018106
018109
018110
018111
018116
018117
018118
018119
018122
018123
018124
018125
018128
018129
018130
018131
018132
018133
018134
018135
018136
018137
018138
018141
018142
018145
018146
018147
018148
018149
018150
018151
018153
018154
018157
018158
018161
018162
018163
018164
018165
018166
018167
018168
018169
018170
018171
018172
018173
018177
018178
018179
018180
018181
018182
018183
018184
018185
018186
018187
018190
018191
018192
018193
018194
018195
018196
018197
018198
018199
018200
018201
018202
018205
018206
018207
018208
018210
018211
018212
018213
018214
018215
018217
018218
018219
018220
018221
018222
018223
018225
018228
018229
018230
018231
018232
018233
018234
018235
018236
018237
018238
018239
018240
018241
018242
018243
018244
018245
018246
018247
018248
018249
018250
018251
018252
018253
018254
018255
018256
018257
018258
018260
018261
018262
018263
018264
018265
018266
018267
018271
018272
018273
018274
018275
018276
018277
018278
018281
018282
018285
018286
018287
018288
018290
018294
018295
018296
018297
018298
018299
018300
018301
018304
018305
018309
018311
018312
018313
018315
018316
018317
018318
018319
018320
018321
018322
018323
018324
018325
018326
018327
018328
018329
018330
018331
018332
018333
018334
018335
018336
018337
018342
018343
018344
018345
018346
018347
018348
018349
018351
018352
018353
018354
018355
018357
018360
018361
018366
018367
018370
018371
018374
018375
018376
018379
018380
018381
018382
018383
018384
018387
018388
018390
018391
018392
018393
018394
018399
018400
018401
018402
018403
018404
018405
018407
018408
018409
018410
018411
018412
018413
018414
018415
018416
018417
018418
018419
018420
018421
018422
018423
018426
018427
018428
018429
018436
018437
018438
018439
018442
018443
018444
018445
018446
018448
018449
018450
018451
018452
018453
018454
018455
018456
018458
018459
018460
018461
018462
018465
018466
018469
018470
018471
018472
018475
018476
018477
018478
018479
018480
018481
018482
018483
018486
018487
018488
018491
018492
018493
018494
018495
018496
018497
018498
018499
018500
018504
018505
018506
018507
018508
018509
018510
018511
018512
018513
018514
018515
018516
018517
018518
018519
018522
018523
018524
018525
018526
018527
018528
018530
018531
018532
018533
018534
018535
018536
018537
018538
018539
018540
018541
018543
018545
018547
018548
018549
018550
018554
018555
018556
018559
018561
018562
018563
018564
018565
018566
018567
018568
018569
018570
018571
018572
018573
018574
018575
018576
018577
018578
018579
018580
018581
018582
018583
018584
018585
018586
018587
018589
018590
018591
018592
018593
018594
018595
018596
018597
018598
018599
018601
018602
018603
018604
018605
018606
018607
018608
018609
018610
018611
018612
018613
018614
018615
018616
018617
018620
018621
018622
018623
018624
018625
018626
018627
018632
018633
018634
018635
018636
018637
018640
018641
018642
018643
018644
018645
018646
018647
018648
018649
018650
018651
018652
018653
018654
018655
018656
018657
018658
018659
018660
018661
018662
018663
018664
018665
018666
018667
018668
018669
018670
018671
018672
018673
018674
018675
018676
018677
018678
018679
018680
018682
018683
018684
018685
018686
018687
018688
018689
018691
018692
018693
018696
018697
018698
018699
018700
018701
018702
018703
018704
018705
018706
018707
018711
018714
018716
018717
018718
018719
018720
018721
018722
018723
018726
018727
018728
018729
018730
018731
018732
018733
018734
018735
018736
018737
018738
018739
018740
018741
018742
018743
018744
018745
018746
018747
018748
018749
018750
018751
018752
018753
018754
018755
018756
018757
018758
018759
018761
018762
018763
018764
018765
018766
018767
018768
018769
018770
018771
018772
018773
018774
018775
018776
018777
018780
018781
018782
018783
018784
018785
018786
018787
018788
018792
018793
018794
018795
018796
018797
018798
018799
018804
018805
018806
018807
018808
018809
018810
018812
018813
018814
018815
018816
018817
018818
018819
018820
018821
018822
018823
018824
018825
018826
018829
018830
018831
018832
018834
018835
018836
018837
018838
018839
018840
018841
018842
018843
018844
018845
018846
018847
018848
018849
018850
018855
018858
018859
018860
018861
018862
018863
018864
018865
018866
018867
018870
018872
018873
018874
018875
018876
018877
018878
018879
018880
018881
018884
018885
018886
018887
018889
018892
018893
018896
018897
018898
018899
018901
018902
018903
018904
018905
018906
018907
018910
018911
018912
018913
018914
018915
018916
018917
018918
018919
018920
018921
018922
018923
018924
018925
018928
018929
018932
018933
018934
018936
018937
018938
018939
018940
018941
018942
018943
018944
018945
018946
018947
018949
018950
018951
018952
018953
018954
018955
018956
018957
018958
018959
018960
018961
018962
018963
018964
018965
018966
018967
018968
018969
018970
018971
018972
018973
018974
018977
018978
018979
018980
018981
018982
018985
018986
018987
018988
018989
018990
018991
018992
018993
018994
018996
018997
018998
018999
019000
019001
019002
019003
019004
019005
019006
019007
019012
019013
019014
019015
019016
019017
019018
019021
019022
019023
019024
019026
019027
019028
019030
019031
019032
019034
019037
019038
019039
019040
019041
019042
019043
019044
019045
019046
019047
019048
019049
019050
019051
019052
019053
019054
019055
019056
019057
019058
019059
019060
019063
019064
019065
019066
019067
019068
019069
019070
019071
019072
019073
019074
019075
019076
019078
019079
019080
019081
019082
019083
019084
019085
019086
019089
019090
019091
019092
019093
019094
019097
019098
019099
019100
019102
019103
019104
019105
019106
019107
019109
019110
019112
019113
019114
019115
019116
019117
019118
019119
019120
019121
019122
019123
019124
019125
019126
019127
019128
019129
019130
019131
019132
019133
019136
019137
019138
019139
019140
019141
019142
019143
019144
019145
019146
019147
019148
019149
019150
019152
019153
019155
019156
019159
019160
019161
019162
019163
019164
019165
019166
019167
019168
019169
019170
019171
019172
019173
019174
019175
019176
019177
019178
019179
019180
019181
019182
019183
019184
019185
019186
019187
019188
019189
019190
019191
019192
019193
019194
019195
019197
019201
019202
019203
019204
019206
019207
019208
019210
019211
019212
019214
019216
019217
019218
019219
019220
019221
019222
019225
019226
019227
019228
019230
019231
019232
019233
019236
019237
019238
019239
019240
019241
019242
019243
019245
019246
019247
019248
019254
019256
019257
019258
019259
019260
019261
019262
019263
019264
019265
019266
019267
019268
019269
019270
019271
019273
019274
019275
019276
019277
019278
019279
019280
019282
019283
019284
019285
019286
019287
019288
019289
019290
019291
019292
019293
019294
019295
019296
019297
019298
019299
019300
019302
019304
019305
019306
019307
019308
019309
019310
019311
019312
019313
019314
019317
019318
019319
019320
019321
019322
019323
019328
019329
019330
019331
019334
019335
019336
019337
019340
019341
019342
019343
019344
019347
019348
019349
019350
019351
019352
019353
019354
019355
019356
019357
019358
019359
019360
019361
019362
019363
019364
019365
019366
019367
019368
019369
019370
019371
019372
019373
019374
019375
019376
019379
019380
019381
019382
019383
019384
019385
019386
019387
019388
019389
019391
019392
019393
019396
019397
019398
019399
019400
019401
019402
019403
019404
019405
019406
019407
019408
019409
019410
019411
019417
019418
019419
019420
019421
019422
019423
019424
019425
019426
019427
019428
019429
019430
019431
019432
019433
019434
019435
019436
019437
019438
019439
019440
019441
019442
019443
019444
019445
019446
019447
019448
019449
019450
019451
019454
019455
019456
019457
019458
019459
019460
019461
019462
019463
019464
019465
019466
019467
019468
019469
019470
019471
019474
019477
019478
019479
019480
019481
019482
019483
019484
019485
019487
019488
019489
019490
019491
019492
019493
019494
019495
019496
019497
019498
019499
019501
019502
019503
019504
019505
019506
019507
019508
019509
019510
019511
019512
019513
019514
019515
019516
019517
019518
019519
019520
019521
019522
019523
019524
019525
019526
019529
019530
019531
019532
019533
019534
019535
019536
019537
019538
019539
019541
019542
019543
019544
019545
019546
019547
019548
019549
019550
019553
019554
019555
019556
019557
019558
019559
019560
019561
019562
019563
019564
019565
019566
019567
019568
019569
019570
019571
019572
019574
019575
019576
019577
019579
019580
019581
019582
019583
019584
019585
019586
019587
019588
019589
019590
019591
019592
019593
019594
019595
019596
019597
019600
019601
019602
019603
019606
019607
019608
019609
019610
019611
019612
019613
019615
019616
019617
019618
019619
019620
019621
019622
019623
019624
019625
019626
019627
019628
019629
019630
019632
019633
019634
019635
019636
019637
019638
019639
019641
019644
019645
019646
019647
019648
019649
019651
019652
019653
019654
019656
019657
019658
019659
019660
019661
019662
019663
019664
019665
019668
019669
019672
019673
019674
019675
019676
019678
019679
019680
019681
019682
019683
019684
019685
019686
019689
019690
019691
019692
019693
019694
019697
019698
019699
019700
019701
019702
019703
019705
019706
019707
019709
019712
019713
019715
019716
019717
019718
019719
019720
019721
019722
019723
019724
019725
019726
019727
019728
019729
019730
019733
019734
019735
019736
019737
019738
019739
019740
019741
019742
019743
019744
019745
019746
019747
019748
019752
019753
019754
019755
019756
019757
019759
019760
019761
019762
019763
019764
019765
019766
019767
019768
019769
019770
019771
019772
019773
019774
019775
019777
019778
019779
019780
019781
019782
019783
019784
019785
019786
019787
019788
019790
019791
019793
019794
019795
019796
019797
019800
019801
019802
019803
019804
019806
019807
019808
019809
019810
019812
019813
019814
019815
019816
019817
019820
019821
019822
019823
019824
019825
019826
019827
019828
019829
019830
019831
019832
019834
019835
019836
019837
019839
019840
019841
019842
019843
019844
019850
019851
019852
019853
019854
019863
019864
019865
019868
019869
019872
019873
019876
019877
019878
019879
019880
019881
019882
019883
019884
019885
019886
019887
019888
019889
019890
019891
019892
019893
019894
019895
019896
019899
019900
019901
019902
019903
019904
019905
019906
019908
019909
019910
019911
019912
019913
019914
019915
019916
019917
019918
019919
019920
019921
019922
019923
019924
019925
019926
019929
019930
019931
019932
019933
019934
019936
019937
019939
019940
019941
019942
019943
019944
019945
019946
019947
019948
019949
019950
019952
019953
019954
019955
019956
019958
019959
019960
019961
019962
019963
019964
019967
019968
019969
019970
019971
019972
019973
019974
019975
019976
019977
019979
019980
019981
019982
019983
019984
019985
019986
019987
019989
019990
019991
019992
019993
019994
019995
019996
019997
019998
019999
020000
020007
020014
020016
020017
020024
020031
020032
020037
020038
020039
020040
020041
020042
020043
020044
020045
020046
020047
020048
020049
020050
020051
020052
020053
020054
020055
020056
020057
020058
020060
020061
020062
020063
020064
020065
020066
020067
020068
020069
020070
020071
020072
020075
020076
020077
020078
020079
020080
020081
020082
020083
020084
020086
020087
020088
020089
020090
020091
020092
020093
020094
020095
020096
020097
020098
020099
020100
020101
020102
020103
020104
020105
020106
020107
020108
020109
020112
020113
020114
020115
020116
020117
020118
020119
020120
020121
020122
020123
020124
020126
020127
020129
020130
020131
020132
020133
020134
020135
020136
020138
020139
020144
020145
020146
020147
020148
020149
020150
020151
020152
020153
020154
020155
020156
020157
020158
020159
020160
020161
020162
020163
020164
020165
020168
020169
020170
020171
020172
020173
020174
020175
020176
020177
020178
020181
020182
020183
020184
020185
020186
020187
020188
020189
020190
020191
020192
020193
020194
020195
020196
020199
020200
020201
020202
020203
020204
020205
020207
020208
020209
020210
020211
020212
020213
020214
020215
020216
020218
020219
020220
020221
020222
020223
020224
020225
020226
020227
020228
020229
020230
020231
020233
020234
020235
020236
020237
020238
020239
020240
020241
020244
020245
020246
020247
020248
020249
020250
020251
020252
020253
020254
020255
020256
020257
020258
020259
020260
020261
020262
020263
020264
020265
020266
020267
020268
020269
020270
020271
020272
020275
020276
020277
020278
020279
020280
020281
020282
020283
020284
020285
020286
020287
020288
020289
020290
020291
020292
020293
020294
020295
020296
020297
020298
020299
020300
020301
020302
020303
020304
020305
020306
020307
020308
020309
020310
020316
020317
020318
020319
020320
020321
020322
020323
020324
020325
020326
020327
020328
020329
020330
020331
020332
020333
020334
020335
020336
020337
020338
020340
020341
020342
020343
020344
020345
020346
020349
020350
020351
020352
020353
020354
020355
020356
020357
020358
020359
020361
020362
020363
020364
020365
020366
020367
020368
020369
020372
020373
020374
020375
020376
020377
020378
020379
020381
020382
020384
020385
020386
020387
020388
020389
020390
020391
020392
020393
020394
020395
020396
020399
020400
020401
020402
020403
020404
020405
020406
020407
020408
020409
020410
020411
020412
020413
020414
020415
020416
020417
020418
020419
020420
020421
020422
020423
020424
020425
020426
020427
020428
020429
020430
020431
020432
020433
020435
020438
020439
020440
020441
020442
020443
020446
020447
020448
020449
020450
020452
020453
020454
020455
020456
020457
020458
020459
020461
020462
020463
020464
020465
020466
020467
020468
020469
020470
020471
020472
020473
020474
020475
020476
020477
020478
020480
020481
020482
020483
020484
020485
020486
020487
020488
020489
020490
020491
020492
020493
020494
020495
020496
020497
020498
020499
020500
020501
020502
020503
020504
020505
020506
020507
020508
020509
020510
020511
020512
020513
020514
020515
020516
020517
020518
020519
020520
020521
020522
020523
020524
020525
020526
020527
020528
020530
020531
020532
020533
020534
020535
020536
020537
020538
020539
020540
020541
020542
020543
020544
020545
020546
020547
020548
020549
020550
020551
020552
020553
020554
020556
020557
020558
020559
020560
020561
020562
020565
020566
020567
020568
020569
020570
020571
020572
020573
020574
020575
020576
020577
020578
020579
020580
020581
020582
020583
020584
020585
020586
020587
020588
020589
020590
020591
020592
020593
020594
020595
020596
020597
020598
020599
020600
020601
020602
020603
020604
020605
020606
020607
020608
020609
020610
020611
020612
020613
020614
020615
020616
020617
020618
020619
020620
020621
020622
020623
020624
020625
020626
020627
020628
020629
020630
020631
020632
020633
020634
020635
020636
020637
020638
020639
020640
020641
020642
020643
020644
020645
020646
020647
020648
020649
020650
020651
020652
020653
020654
020655
020656
020657
020658
020659
020660
020661
020662
020663
020664
020665
020666
020667
020668
020669
020670
020671
020672
020673
020674
020675
020676
020677
020678
020679
020680
020681
020682
020683
020684
020685
020686
020687
020688
020689
020690
020691
020692
020693
020694
020695
020696
020697
020698
020699
020700
020701
020702
020703
020704
020705
020706
020708
020709
020710
020711
020712
020713
020714
020715
020716
020717
020718
020719
020720
020721
020722
020723
020724
020725
020726
020727
020728
020729
020730
020731
020732
020733
020734
020735
020736
020737
020738
020739
020740
020741
020742
020743
020744
020745
020746
020747
020748
020749
020750
020751
020752
020753
020754
020755
020756
020757
020758
020759
020760
020761
020762
020764
020765
020766
020767
020768
020769
020772
020773
020774
020775
020776
020777
020778
020779
020780
020781
020782
020784
020785
020786
020787
020788
020789
020790
020791
020795
020796
020797
020798
020799
020800
020801
020802
020803
020804
020805
020806
020807
020808
020809
020810
020811
020812
020813
020814
020815
020816
020817
020818
020819
020820
020821
020822
020823
020824
020825
020826
020827
020828
020829
020830
020831
020832
020833
020834
020835
020836
020837
020838
020839
020840
020841
020842
020843
020844
020845
020846
020847
020848
020849
020850
020851
020852
020853
020854
020855
020856
020857
020858
020859
020860
020861
020862
020863
020864
020865
020866
020867
020868
020869
020870
020871
020872
020873
020874
020875
020876
020877
020878
020879
020880
020881
020882
020883
020884
020885
020886
020887
020888
020889
020890
020891
020892
020893
020894
020895
020896
020897
020898
020899
020900
020901
020902
020903
020904
020905
020906
020907
020908
020909
020910
020911
020912
020913
020914
020915
020916
020917
020918
020919
020920
020921
020922
020923
020924
020925
020926
020927
020928
020929
020930
020931
020932
020933
020934
020935
020936
020937
020938
020939
020940
020941
020942
020943
020944
020945
020946
020947
020948
020949
020950
020951
020952
020953
020954
020955
020956
020957
020958
020959
020960
020961
020962
020963
020964
020965
020966
020967
020968
020969
020970
020971
020972
020973
020974
020975
020976
020977
020978
020979
020980
020981
020982
020983
020984
020985
020986
020987
020988
020989
020990
020991
020992
020993
020994
020995
020996
020997
020998
020999
021000
021001
021002
021003
021004
021005
021006
021007
021008
021009
021010
021011
021012
021013
021014
021015
021016
021017
021018
021019
021021
021022
021023
021024
021025
021026
021027
021028
021029
021030
021031
021032
021033
021034
021035
021036
021037
021038
021039
021040
021041
021042
021043
021044
021045
021046
021047
021048
021049
021050
021051
021052
021053
021054
021055
021056
021057
021059
021060
021061
021062
021063
021064
021065
021066
021067
021068
021069
021070
021071
021072
021073
021074
021075
021076
021077
021078
021079
021080
021081
021082
021083
021084
021085
021086
021087
021088
021089
021090
021091
021092
021093
021094
021095
021096
021097
021098
021099
021100
021101
021102
021103
021104
021105
021106
021107
021108
021109
021110
021111
021112
021113
021114
021115
021116
021117
021118
021119
021120
021121
021122
021123
021124
021125
021126
021127
021128
021129
021130
021131
021132
021133
021134
021135
021136
021137
021138
021139
021140
021141
021142
021143
021144
021145
021146
021147
021148
021151
021152
021154
021155
021156
021157
021158
021159
021160
021161
021162
021163
021164
021165
021166
021167
021168
021169
021170
021171
021172
021173
021174
021175
021176
021177
021178
021179
021180
021181
021182
021183
021184
021185
021186
021187
021188
021189
021190
021193
021194
021195
021196
021197
021198
021199
021200
021201
021202
021203
021204
021205
021206
021207
021208
021209
021210
021211
021212
021213
021214
021215
021216
021217
021218
021219
021220
021221
021222
021223
021224
021225
021226
021227
021228
021229
021230
021231
021232
021233
021234
021235
021236
021237
021238
021239
021240
021241
021242
021243
021244
021245
021246
021247
021248
021249
021250
021251
021252
021253
021254
021255
021256
021257
021258
021259
021260
021261
021262
021263
021264
021265
021266
021267
021268
021269
021270
021271
021272
021273
021274
021275
021276
021277
021278
021279
021280
021281
021282
021283
021284
021285
021286
021289
021290
021291
021292
021293
021294
021295
021296
021297
021298
021299
021300
021301
021302
021303
021304
021305
021306
021307
021308
021309
021310
021311
021312
021313
021314
021315
021316
021317
021320
021321
021322
021323
021324
021325
021326
021327
021328
021329
021330
021331
021332
021333
021334
021335
021336
021337
021338
021339
021340
021341
021342
021343
021344
021345
021346
021347
021348
021349
021350
021351
021352
021353
021354
021355
021356
021358
021359
021360
021361
021362
021363
021364
021365
021366
021367
021368
021369
021370
021371
021372
021373
021374
021375
021376
021377
021378
021379
021380
021381
021382
021383
021385
021386
021387
021388
021389
021390
021391
021392
021393
021394
021395
021396
021397
021398
021399
021400
021401
021402
021403
021404
021405
021406
021407
021408
021409
021410
021411
021412
021413
021414
021415
021416
021417
021418
021419
021420
021421
021422
021423
021424
021425
021426
021427
021428
021429
021430
021431
021432
021433
021434
021435
021436
021437
021438
021439
021440
021441
021442
021443
021444
021445
021446
021447
021448
021449
021450
021451
021452
021455
021456
021457
021458
021459
021460
021461
021462
021463
021464
021465
021467
021468
021469
021470
021471
021472
021473
021474
021475
021476
021477
021478
021479
021480
021481
021482
021483
021484
021485
021486
021487
021488
021489
021490
021491
021492
021493
021494
021495
021496
021497
021498
021499
021500
021501
021502
021503
021504
021506
021507
021508
021510
021511
021512
021513
021514
021515
021516
021517
021518
021519
021520
021521
021523
021524
021525
021526
021527
021528
021529
021530
021531
021532
021533
021534
021535
021536
021537
021538
021539
021540
021541
021542
021543
021544
021545
021546
021548
021549
021550
021551
021552
021553
021554
021555
021556
021558
021559
021560
021561
021562
021563
021564
021565
021566
021567
021568
021569
021570
021571
021574
021575
021576
021577
021578
021579
021580
021581
021582
021583
021584
021585
021586
021587
021588
021589
021590
021591
021592
021593
021594
021595
021596
021597
021598
021599
021600
021601
021602
021603
021604
021605
021606
021607
021608
021609
021610
021611
021612
021614
021615
021617
021618
021619
021620
021621
021622
021623
021624
021625
021626
021627
021628
021629
021630
021631
021632
021633
021634
021635
021636
021637
021638
021639
021640
021641
021642
021643
021644
021645
021646
021647
021648
021649
021650
021651
021652
021653
021654
021655
021656
021657
021658
021659
021660
021661
021662
021663
021664
021665
021666
021668
021669
021670
021671
021672
021673
021674
021675
021676
021677
021678
021679
021680
021681
021682
021683
021684
021685
021687
021688
021689
021690
021691
021692
021693
021694
021695
021696
021697
021698
021699
021700
021701
021702
021703
021704
021705
021706
021707
021708
021709
021710
021711
021712
021713
021714
021715
021716
021717
021718
021719
021720
021721
021722
021723
021726
021727
021728
021729
021730
021731
021732
021733
021734
021735
021737
021738
021739
021740
021741
021742
021743
021745
021746
021747
021748
021749
021750
021751
021752
021753
021754
021755
021756
021757
021758
021759
021760
021761
021762
021763
021764
021765
021766
021767
021768
021769
021770
021771
021772
021773
021774
021775
021776
021777
021778
021781
021782
021783
021784
021785
021786
021787
021788
021789
021790
021791
021792
021793
021794
021795
021796
021797
021798
021799
021800
021801
021802
021803
021804
021805
021806
021807
021808
021809
021810
021811
021812
021813
021814
021815
021818
021819
021820
021821
021822
021823
021824
021825
021826
021827
021828
021829
021830
021831
021832
021833
021834
021835
021836
021837
021838
021839
021840
021841
021842
021843
021844
021845
021846
021847
021848
021849
021850
021851
021852
021853
021854
021855
021856
021857
021858
021859
021860
021861
021862
021863
021864
021865
021866
021867
021868
021869
021870
021871
021873
021874
021875
021876
021877
021878
021879
021880
021881
021882
021883
021884
021885
021886
021887
021888
021889
021890
021891
021892
021893
021894
021895
021896
021897
021898
021899
021900
021901
021902
021903
021904
021905
021906
021907
021908
021909
021910
021911
021912
021915
021916
021917
021918
021919
021920
021921
021922
021923
021924
021925
021926
021927
021928
021929
021930
021931
021932
021933
021934
021935
021937
021938
021941
021942
021943
021944
021945
021946
021947
021948
021949
021950
021951
021952
021953
021954
021955
021956
021957
021958
021959
021960
021961
021962
021963
021964
021965
021966
021967
021968
021969
021970
021971
021972
021973
021974
021975
021976
021977
021978
021979
021980
021981
021982
021983
021984
021985
021986
021987
021988
021989
021990
021991
021992
021993
021994
021995
021996
021997
021998
021999
022000
022001
022002
022003
022004
022005
022006
022007
022008
022009
022010
022011
022012
022013
022014
022015
022016
022017
022018
022019
022020
022021
022022
022023
022024
022025
022026
022027
022028
022029
022030
022031
022032
022033
022034
022036
022037
022038
022039
022040
022041
022042
022043
022044
022045
022046
022047
022048
022049
022050
022051
022052
022053
022054
022055
022056
022057
022058
022059
022060
022061
022062
022063
022064
022065
022066
022067
022068
022069
022070
022071
022072
022073
022074
022075
022076
022077
022078
022079
022080
022081
022082
022083
022084
022085
022086
022087
022088
022089
022090
022091
022092
022093
022094
022095
022096
022097
022098
022099
022100
022101
022102
022103
022104
022105
022106
022107
022109
022110
022111
022113
022114
022115
022116
022117
022118
022119
022120
022121
022122
022123
022124
022125
022126
022127
022128
022129
022130
022131
022132
022133
022134
022135
022136
022137
022138
022139
022140
022141
022142
022143
022144
022145
022146
022147
022148
022149
022150
022151
022152
022153
022154
022155
022156
022157
022158
022159
022161
022162
022163
022164
022165
022166
022167
022168
022169
022170
022171
022173
022174
022175
022176
022177
022178
022179
022180
022181
022182
022183
022184
022185
022186
022187
022188
022189
022190
022191
022192
022193
022194
022195
022196
022197
022198
022199
022200
022201
022202
022203
022204
022205
022206
022207
022208
022209
022210
022211
022212
022213
022214
022215
022216
022217
022218
022219
022220
022221
022222
022223
022224
022225
022226
022227
022228
022229
022230
022231
022232
022233
022234
022235
022236
022237
022238
022240
022241
022242
022243
022244
022245
022246
022247
022248
022249
022250
022251
022252
022253
022254
022255
022256
022257
022258
022259
022260
022261
022262
022263
022264
022265
022266
022267
022268
022269
022270
022271
022272
022273
022274
022275
022276
022277
022278
022279
022280
022281
022282
022283
022284
022285
022286
022287
022288
022289
022290
022291
022292
022293
022294
022295
022296
022297
022298
022299
022300
022301
022302
022303
022304
022305
022306
022307
022308
022309
022310
022311
022312
022313
022314
022315
022316
022317
022318
022319
022320
022321
022322
022325
022326
022327
022328
022329
022330
022331
022332
022333
022334
022335
022336
022337
022338
022339
022340
022341
022342
022343
022344
022345
022346
022347
022348
022349
022350
022351
022353
022354
022355
022356
022357
022358
022359
022360
022361
022362
022363
022364
022365
022366
022367
022368
022369
022370
022371
022372
022373
022374
022375
022376
022378
022379
022380
022381
022382
022383
022384
022385
022386
022387
022388
022389
022390
022391
022392
022393
022394
022395
022396
022397
022398
022399
022400
022401
022402
022403
022404
022406
022407
022408
022409
022413
022414
022415
022416
022417
022418
022419
022420
022421
022422
022423
022424
022425
022426
022427
022428
022429
022430
022431
022432
022433
022434
022435
022436
022437
022438
022439
022440
022441
022442
022443
022444
022445
022446
022447
022448
022449
022450
022451
022452
022453
022454
022455
022456
022457
022458
022459
022460
022461
022462
022463
022464
022465
022466
022467
022468
022469
022470
022473
022474
022475
022477
022478
022479
022480
022481
022482
022483
022484
022485
022486
022487
022488
022489
022490
022491
022492
022493
022494
022495
022496
022497
022498
022500
022501
022502
022503
022504
022505
022506
022507
022508
022509
022510
022511
022512
022513
022514
022515
022516
022517
022518
022519
022520
022521
022522
022523
022524
022525
022526
022527
022528
022529
022530
022531
022532
022533
022534
022535
022536
022537
022538
022539
022540
022541
022542
022543
022544
022545
022547
022548
022550
022551
022552
022553
022554
022555
022556
022557
022558
022559
022560
022561
022562
022563
022564
022565
022566
022567
022568
022569
022572
022573
022574
022577
022578
022579
022580
022581
022582
022583
022584
022585
022586
022587
022588
022589
022590
022591
022592
022593
022594
022595
022596
022597
022598
022599
022600
022601
022602
022605
022606
022607
022608
022609
022610
022611
022612
022614
022615
022616
022617
022618
022619
022620
022621
022622
022623
022624
022625
022626
022627
022628
022629
022630
022631
022632
022633
022634
022635
022636
022637
022638
022639
022640
022641
022642
022643
022644
022645
022646
022647
022648
022649
022650
022651
022652
022653
022654
022655
022656
022657
022658
022659
022660
022661
022662
022663
022664
022665
022666
022667
022668
022669
022670
022671
022674
022675
022676
022677
022678
022679
022680
022681
022682
022683
022684
022685
022686
022687
022688
022689
022690
022691
022692
022693
022694
022695
022696
022697
022698
022699
022700
022701
022702
022703
022704
022705
022706
022707
022708
022709
022710
022711
022712
022713
022714
022715
022716
022717
022718
022719
022720
022721
022722
022723
022724
022725
022726
022727
022728
022729
022730
022731
022732
022733
022734
022735
022736
022737
022738
022739
022740
022741
022742
022743
022744
022745
022746
022747
022748
022749
022750
022751
022752
022753
022754
022755
022756
022757
022758
022759
022760
022761
022762
022763
022764
022765
022766
022767
022768
022769
022770
022771
022772
022773
022774
022775
022780
022781
022782
022783
022784
022785
022786
022787
022788
022789
022790
022791
022792
022793
022794
022795
022796
022797
022798
022799
022800
022801
022802
022803
022804
022805
022806
022807
022808
022809
022811
022812
022813
022814
022815
022816
022817
022818
022819
022820
022821
022822
022823
022824
022825
022826
022827
022828
022829
022830
022831
022834
022835
022836
022837
022838
022839
022840
022841
022842
022843
022844
022845
022846
022847
022848
022849
022850
022851
022852
022853
022854
022855
022857
022858
022859
022860
022861
022862
022863
022864
022865
022866
022867
022868
022869
022870
022871
022872
022873
022874
022875
022876
022877
022878
022879
022880
022881
022882
022883
022884
022885
022886
022887
022888
022889
022890
022891
022892
022893
022894
022895
022896
022897
022898
022899
022900
022901
022902
022903
022904
022905
022906
022907
022908
022909
022910
022911
022912
022913
022914
022915
022916
022917
022918
022919
022920
022921
022922
022923
022924
022925
022926
022927
022928
022929
022930
022931
022932
022933
022934
022935
022936
022937
022938
022939
022940
022941
022942
022943
022944
022945
022946
022947
022948
022949
022950
022951
022952
022953
022954
022955
022956
022957
022958
022959
022960
022961
022962
022963
022964
022965
022966
022967
022968
022969
022970
022971
022972
022973
022974
022975
022976
022977
022978
022979
022980
022981
022982
022983
022984
022985
022986
022987
022988
022989
022990
022991
022992
022993
022994
022995
022996
022997
022998
023001
023002
023003
023004
023005
023006
023007
023008
023009
023010
023011
023012
023013
023014
023015
023016
023017
023018
023019
023020
023021
023022
023023
023024
023025
023026
023027
023028
023029
023030
023031
023032
023033
023034
023035
023036
023037
023038
023039
023040
023041
023042
023043
023044
023045
023046
023047
023048
023049
023050
023051
023052
023053
023054
023055
023056
023057
023058
023059
023060
023061
023062
023063
023064
023065
023066
023067
023068
023069
023070
023071
023072
023073
023074
023075
023076
023077
023078
023079
023080
023081
023082
023083
023084
023085
023086
023087
023088
023091
023092
023093
023094
023095
023096
023097
023098
023099
023100
023101
023102
023103
023104
023105
023106
023107
023108
023109
023110
023111
023112
023113
023114
023117
023118
023119
023120
023129
023130
023131
023132
023134
023135
023136
023139
023141
023142
023143
023144
023145
023146
023147
023148
023149
023150
023153
023154
023156
023157
023158
023159
023160
023161
023162
023163
023164
023165
023166
023167
023168
023169
023170
023171
023172
023173
023174
023175
023176
023177
023178
023179
023180
023181
023182
023183
023184
023185
023188
023189
023192
023193
023194
023196
023197
023198
023199
023200
023201
023202
023203
023204
023210
023213
023214
023215
023216
023217
023218
023219
023220
023221
023222
023223
023224
023225
023226
023227
023228
023229
023230
023231
023232
023233
023234
023235
023236
023237
023238
023239
023240
023241
023242
023243
023244
023245
023246
023247
023248
023249
023250
023251
023252
023253
023254
023255
023256
023257
023258
023259
023260
023261
023262
023263
023264
023265
023266
023267
023268
023269
023270
023271
023274
023275
023276
023277
023278
023279
023280
023281
023282
023283
023284
023285
023286
023287
023288
023289
023290
023291
023292
023293
023294
023295
023296
023297
023298
023299
023300
023301
023302
023303
023304
023305
023306
023307
023308
023309
023310
023311
023312
023313
023314
023315
023316
023317
023318
023319
023320
023321
023322
023323
023324
023325
023326
023327
023328
023331
023332
023333
023334
023335
023336
023337
023338
023339
023340
023341
023342
023343
023344
023345
023346
023347
023348
023349
023350
023351
023354
023355
023356
023357
023358
023359
023360
023361
023362
023363
023364
023365
023366
023367
023368
023371
023372
023373
023374
023375
023376
023377
023378
023379
023380
023381
023382
023383
023384
023385
023386
023387
023388
023389
023390
023391
023392
023393
023394
023395
023396
023397
023398
023399
023400
023401
023402
023403
023404
023405
023406
023407
023408
023409
023410
023411
023414
023415
023416
023417
023418
023419
023420
023421
023422
023423
023424
023425
023426
023427
023428
023429
023430
023431
023432
023433
023434
023435
023436
023437
023438
023440
023441
023442
023443
023444
023445
023446
023447
023448
023449
023450
023451
023452
023453
023454
023455
023456
023457
023458
023459
023460
023461
023462
023463
023464
023465
023466
023467
023468
023469
023470
023471
023472
023473
023474
023475
023476
023477
023478
023479
023480
023481
023482
023483
023484
023485
023486
023487
023488
023489
023490
023491
023492
023493
023494
023495
023496
023497
023498
023499
023500
023501
023502
023503
023504
023505
023506
023507
023508
023509
023510
023511
023512
023513
023516
023517
023518
023519
023520
023521
023522
023523
023524
023525
023526
023527
023528
023529
023530
023531
023532
023533
023534
023535
023536
023537
023538
023539
023540
023541
023542
023543
023544
023545
023546
023547
023548
023549
023550
023551
023552
023553
023554
023555
023556
023557
023558
023559
023560
023561
023562
023563
023564
023565
023566
023567
023568
023569
023570
023571
023572
023573
023574
023575
023576
023577
023578
023579
023580
023581
023582
023583
023584
023585
023586
023587
023588
023589
023590
023591
023592
023593
023594
023595
023596
023597
023598
023599
023600
023601
023602
023603
023604
023605
023606
023607
023608
023609
023610
023611
023612
023613
023614
023615
023616
023617
023618
023619
023620
023621
023622
023623
023624
023625
023626
023627
023628
023629
023630
023631
023632
023633
023634
023635
023636
023637
023638
023639
023640
023641
023642
023643
023644
023645
023646
023647
023648
023649
023650
023651
023652
023653
023654
023655
023656
023657
023658
023659
023660
023661
023662
023663
023664
023665
023666
023667
023668
023669
023670
023671
023672
023673
023674
023675
023676
023677
023678
023681
023682
023683
023684
023685
023686
023687
023688
023689
023690
023691
023692
023693
023694
023695
023696
023697
023698
023699
023700
023702
023703
023704
023706
023707
023708
023709
023711
023712
023713
023714
023715
023716
023717
023718
023719
023720
023721
023722
023723
023724
023725
023726
023727
023728
023729
023730
023731
023732
023733
023734
023735
023736
023737
023738
023739
023740
023741
023742
023743
023744
023745
023746
023747
023748
023749
023750
023751
023752
023753
023754
023755
023756
023757
023758
023761
023762
023763
023764
023765
023766
023767
023768
023769
023770
023771
023772
023773
023774
023775
023776
023777
023778
023779
023780
023781
023782
023783
023784
023785
023786
023787
023788
023789
023790
023791
023792
023793
023794
023795
023796
023797
023798
023799
023800
023801
023802
023803
023804
023805
023806
023807
023808
023809
023810
023811
023812
023813
023814
023815
023816
023818
023819
023820
023821
023822
023823
023824
023825
023826
023827
023828
023829
023830
023831
023832
023833
023834
023835
023836
023837
023838
023839
023840
023841
023842
023843
023844
023845
023846
023847
023848
023849
023850
023851
023852
023853
023854
023855
023856
023859
023860
023861
023862
023863
023864
023865
023866
023867
023868
023869
023870
023871
023872
023873
023874
023875
023876
023877
023878
023879
023880
023881
023882
023883
023884
023885
023886
023887
023888
023889
023890
023891
023892
023893
023894
023895
023896
023897
023898
023899
023900
023901
023902
023903
023904
023905
023906
023907
023908
023909
023910
023911
023912
023913
023914
023915
023917
023918
023919
023920
023921
023922
023924
023925
023926
023927
023928
023929
023930
023931
023932
023933
023934
023935
023936
023937
023938
023939
023940
023941
023942
023943
023944
023947
023948
023949
023950
023951
023952
023953
023954
023955
023956
023957
023958
023959
023960
023961
023962
023963
023964
023965
023966
023967
023968
023969
023970
023971
023972
023973
023974
023975
023976
023977
023978
023979
023980
023981
023982
023983
023984
023985
023986
023987
023988
023989
023990
023991
023992
023993
023994
023995
023996
023997
023998
023999
024000
024001
024002
024003
024004
024005
024006
024007
024008
024009
024010
024011
024012
024013
024014
024015
024016
024017
024018
024019
024020
024021
024022
024023
024024
024025
024026
024027
024028
024029
024030
024033
024034
024035
024036
024037
024038
024039
024040
024041
024042
024043
024044
024045
024046
024047
024048
024049
024050
024051
024052
024053
024054
024055
024056
024057
024058
024059
024060
024061
024062
024063
024064
024065
024066
024067
024068
024069
024070
024071
024072
024073
024074
024075
024076
024077
024078
024079
024080
024081
024082
024083
024084
024085
024086
024087
024088
024089
024090
024091
024092
024093
024094
024095
024096
024097
024098
024100
024101
024102
024103
024104
024105
024106
024107
024108
024109
024110
024111
024112
024113
024114
024115
024116
024117
024118
024120
024123
024124
024125
024126
024127
024128
024129
024130
024131
024132
024133
024134
024135
024136
024137
024138
024139
024140
024141
024142
024143
024144
024145
024146
024147
024148
024149
024150
024151
024152
024153
024154
024155
024156
024157
024158
024159
024160
024161
024162
024163
024164
024165
024166
024167
024168
024169
024170
024171
024172
024173
024174
024175
024176
024177
024178
024179
024180
024181
024182
024183
024184
024185
024186
024187
024188
024189
024190
024191
024192
024193
024194
024195
024196
024199
024202
024203
024205
024206
024207
024208
024209
024210
024211
024212
024213
024214
024215
024216
024217
024218
024219
024220
024221
024222
024223
024224
024227
024228
024229
024230
024233
024234
024235
024237
024238
024239
024240
024241
024242
024243
024244
024245
024246
024247
024248
024249
024250
024251
024252
024253
024254
024255
024256
024257
024258
024259
024260
024261
024262
024263
024264
024265
024266
024267
024268
024269
024270
024271
024272
024273
024274
024275
024276
024277
024278
024279
024280
024281
024282
024283
024284
024285
024286
024287
024288
024289
024292
024293
024296
024297
024298
024299
024300
024301
024302
024303
024304
024305
024306
024307
024308
024309
024310
024311
024312
024313
024314
024315
024316
024317
024318
024319
024320
024323
024324
024325
024326
024327
024328
024329
024332
024333
024334
024335
024336
024337
024338
024339
024340
024341
024343
024344
024345
024346
024347
024348
024349
024350
024351
024352
024353
024354
024355
024356
024357
024358
024359
024360
024361
024362
024363
024364
024365
024366
024367
024368
024369
024370
024371
024372
024373
024374
024375
024376
024377
024378
024379
024380
024381
024382
024385
024386
024387
024388
024389
024390
024391
024392
024393
024394
024395
024396
024397
024398
024399
024400
024401
024404
024405
024406
024407
024408
024409
024410
024411
024412
024413
024414
024415
024416
024417
024418
024419
024420
024421
024422
024423
024424
024425
024426
024427
024428
024429
024430
024431
024432
024433
024434
024435
024436
024437
024438
024439
024440
024441
024442
024443
024444
024445
024446
024447
024448
024449
024450
024451
024452
024453
024454
024455
024456
024457
024458
024459
024460
024461
024462
024463
024464
024465
024466
024467
024468
024469
024470
024471
024472
024473
024474
024475
024476
024477
024478
024479
024480
024481
024482
024483
024484
024485
024486
024487
024488
024489
024490
024491
024492
024495
024496
024497
024498
024499
024500
024501
024502
024503
024504
024505
024506
024507
024508
024509
024510
024511
024514
024517
024518
024519
024520
024521
024522
024523
024524
024525
024526
024527
024528
024529
024530
024531
024532
024533
024534
024535
024536
024537
024538
024539
024540
024541
024542
024543
024544
024545
024546
024550
024551
024552
024553
024554
024555
024556
024557
024558
024559
024560
024561
024562
024563
024564
024565
024570
024571
024574
024575
024576
024577
024578
024579
024580
024581
024582
024583
024584
024585
024588
024589
024592
024593
024594
024595
024596
024597
024598
024599
024602
024603
024604
024605
024606
024607
024608
024609
024610
024611
024612
024613
024614
024615
024616
024617
024618
024619
024620
024621
024622
024623
024624
024625
024626
024627
024628
024629
024630
024631
024632
024633
024636
024637
024638
024639
024640
024641
024642
024643
024644
024645
024646
024647
024648
024649
024650
024651
024652
024655
024656
024657
024660
024661
024662
024663
024665
024666
024667
024668
024669
024670
024671
024672
024673
024674
024675
024676
024677
024678
024679
024680
024681
024682
024683
024684
024685
024686
024687
024688
024689
024690
024691
024692
024693
024694
024695
024696
024697
024698
024699
024700
024701
024702
024703
024704
024705
024706
024707
024708
024709
024710
024711
024712
024713
024714
024717
024718
024719
024720
024721
024722
024723
024724
024725
024726
024727
024728
024729
024730
024731
024732
024733
024734
024735
024736
024737
024738
024739
024740
024743
024744
024745
024746
024747
024748
024749
024750
024751
024752
024753
024754
024755
024756
024757
024758
024759
024761
024762
024763
024764
024765
024766
024767
024768
024769
024770
024771
024772
024773
024774
024775
024776
024777
024778
024779
024780
024781
024782
024783
024784
024785
024786
024787
024788
024789
024790
024791
024792
024793
024794
024795
024796
024797
024798
024799
024800
024801
024802
024803
024804
024805
024806
024807
024808
024809
024810
024811
024820
024821
024822
024823
024824
024825
024828
024829
024830
024831
024832
024833
024834
024835
024836
024837
024838
024839
024840
024843
024844
024845
024846
024847
024848
024849
024850
024851
024852
024853
024854
024855
024856
024857
024858
024859
024860
024861
024862
024863
024864
024865
024868
024869
024870
024871
024872
024873
024874
024875
024876
024877
024878
024879
024880
024881
024882
024883
024884
024885
024886
024887
024888
024889
024890
024891
024892
024895
024896
024897
024898
024899
024902
024903
024904
024905
024906
024907
024908
024912
024913
024914
024915
024916
024917
024918
024919
024920
024921
024922
024923
024924
024926
024927
024928
024929
024930
024931
024932
024933
024934
024935
024936
024937
024938
024939
024940
024941
024942
024943
024944
024947
024948
024949
024950
024951
024952
024953
024954
024955
024958
024959
024960
024961
024962
024963
024964
024965
024970
024971
024972
024973
024974
024975
024978
024979
024980
024981
024982
024983
024984
024985
024986
024987
024988
024989
024994
025002
025007
025008
025009
025010
025011
025012
025013
025014
025015
025016
025017
025018
025019
025020
025021
025022
025023
025024
025027
025028
025029
025030
025031
025033
025034
025035
025038
025039
025040
025041
025042
025043
025044
025045
025048
025049
025050
025051
025053
025054
025055
025056
025057
025058
025059
025060
025061
025062
025064
025065
025066
025067
025068
025069
025070
025071
025072
025073
025074
025075
025076
025077
025078
025079
025080
025081
025084
025087
025088
025094
025095
025098
025099
025100
025103
025105
025106
025109
025110
025111
025112
025113
025116
025117
025118
025125
025126
025127
025128
025129
025130
025133
025136
025137
025138
025139
025140
025141
025156
025157
025158
025159
025162
025163
025164
025165
025166
025167
025168
025169
025170
025171
025172
025173
025174
025175
025176
025177
025178
025181
025182
025183
025186
025187
025188
025191
025192
025193
025194
025195
025196
025197
025198
025199
025200
025201
025204
025205
025206
025207
025208
025209
025210
025211
025212
025213
025214
025215
025216
025217
025220
025221
025224
025225
025226
025227
025228
025229
025230
025231
025232
025234
025235
025236
025237
025238
025239
025241
025242
025243
025246
025247
025248
025249
025250
025251
025252
025253
025254
025259
025266
025267
025268
025269
025274
025275
025276
025277
025278
025287
025288
025289
025290
025291
025292
025293
025294
025295
025296
025297
025298
025299
025303
025304
025305
025306
025307
025311
025312
025317
025318
025321
025322
025323
025324
025326
025327
025328
025329
025330
025331
025332
025333
025336
025337
025338
025339
025344
025347
025348
025349
025350
025351
025352
025353
025354
025355
025356
025358
025359
025362
025363
025364
025365
025366
025367
025372
025375
025376
025377
025378
025379
025382
025386
025387
025394
025395
025396
025397
025400
025403
025408
025409
025410
025411
025412
025413
025414
025415
025416
025418
025419
025420
025421
025422
025425
025426
025427
025428
025429
025434
025442
025445
025446
025447
025448
025449
025450
025451
025452
025453
025454
025457
025458
025459
025460
025463
025464
025465
025468
025469
025470
025471
025472
025476
025477
025478
025479
025482
025486
025487
025490
025491
025492
025493
025497
025498
025499
025500
025501
025502
025503
025504
025505
025506
025507
025508
025511
025512
025513
025514
025518
025524
025525
025526
025527
025528
025537
025542
025543
025544
025545
025552
025553
025556
025557
025562
025570
025571
025572
025579
025636
025641
025642
025643
025644
025648
025649
025652
025653
025654
025655
025656
025657
025660
025663
025709
025710
040003
040026
040038
040039
040040
040041
041003
050003
050027
070008
070009
070028
070029
070037
070038
070088
080011
090005
090021
090022
090023
091005
091021
091022
091023
100018
100025
100028
100058
100066
100068
100072
100073
110006
110016
110037
110038
110050
110051
110052
110053
121009
121011
128011
150005
150015
150988
150998
159001
159002
159003
159004
159005
159006
159101
159102
159103
159105
159106
159107
159109
159110
159111
159112
159113
159115
159116
159117
159119
159122
159150
159200
159201
159202
159203
159205
159206
159207
159208
159209
159210
159211
159212
159213
159215
159216
159217
159218
159219
159220
159221
159222
159223
159225
159226
159227
159228
159229
159230
159231
159232
159233
159235
159236
159237
159238
159239
159240
159241
159242
159245
159246
159248
159249
159251
159255
159256
159257
159258
159259
159261
159262
159263
159265
159266
159267
159268
159269
159270
159271
159272
159273
159275
159276
159277
159278
159279
159280
159281
159283
159285
159286
159287
159288
159289
159290
159291
159292
159295
159296
159297
159298
159299
159300
159301
159302
159303
159305
159306
159307
159309
159310
159311
159312
159315
159316
159318
159320
159321
159322
159323
159325
159326
159327
159328
159329
159330
159331
159332
159333
159335
159336
159337
159338
159339
159350
159351
159352
159353
159355
159356
159357
159358
159359
159360
159361
159362
159363
159365
159366
159367
159368
159369
159370
159371
159372
159373
159375
159376
159377
159378
159379
159380
159381
159382
159383
159385
159386
159387
159388
159389
159390
159391
159392
159393
159395
159396
159397
159398
159399
159400
159500
159501
159505
159507
159509
159510
159511
159512
159513
159515
159516
159517
159519
159520
159523
159525
159526
159527
159528
159529
159530
159532
159533
159535
159536
159537
159538
159539
159540
159541
159542
159543
159545
159546
159547
159549
159550
159551
159552
159553
159555
159557
159558
159559
159560
159561
159562
159563
159565
159566
159567
159568
159569
159571
159572
159573
159575
159576
159577
159578
159581
159582
159583
159586
159587
159588
159589
159590
159591
159592
159593
159595
159596
159597
159599
159600
159612
159613
159617
159628
159632
159649
159650
159651
159652
159653
159655
159659
159660
159661
159663
159666
159667
159670
159673
159676
159677
159678
159679
159680
159685
159686
159687
159688
159690
159691
159692
159695
159696
159697
159698
159699
159700
159719
159738
159795
159800
159816
159830
159831
159834
159972
160128
160129
160606
160609
160618
160641
161014
161015
161019
161115
161117
161119
161120
161608
161614
161615
161622
161623
161713
161716
161820
162206
162715
162716
163005
163007
163802
163820
163907
164210
164212
164509
164510
164606
164703
164902
165530
166014
166015
166016
166401
167501
167504
167505
180008
180009
180101
180102
180103
180105
180106
180201
180202
180203
180301
180302
180303
180305
180401
180402
180501
180502
180601
180602
180603
180605
180606
180607
180701
180801
180901
200003
200009
200103
202301
202302
202305
202307
202308
206015
206018
210012
210013
213009
213909
217003
217004
217011
217014
217022
217024
217025
217026
217203
240003
240006
240007
253050
253051
260102
260202
261002
261102
270004
270009
270014
270044
270045
270046
270048
270049
288101
288102
288201
290001
290007
290009
310338
310339
320002
320019
340005
350004
360003
360008
360009
360019
370010
370011
380005
380006
380009
380010
380011
392001
392002
400005
400006
400009
410002
420006
420106
450018
450019
460003
460006
460008
460106
460108
470014
470030
470060
470078
471060
472007
482002
485018
485020
485022
485118
485120
485122
501100
501225
501226
501227
501312
508000
508001
508002
508003
508005
508006
508007
508008
508009
508010
508011
508012
508015
508016
508017
508018
508019
508021
508022
508026
508027
508028
508029
508031
508033
508036
508039
508048
508055
508056
508058
508060
508066
508068
508069
508077
508078
508080
508082
508084
508085
508086
508087
508088
508089
508090
508091
508092
508096
508097
508098
508099
510040
510320
510670
510720
510950
510980
511020
511060
511070
511090
511100
511110
511120
511130
511150
511160
511190
511200
511220
511260
511270
511360
511520
511580
511600
511620
511650
511660
511670
511690
511700
511770
511800
511810
511820
511830
511850
511860
511880
511900
511910
511920
511930
511950
511960
511970
511980
511990
512020
512030
512050
512060
512080
512130
512240
512250
512370
512630
512890
513040
513110
513170
513190
513210
513290
513310
513390
513400
513530
513560
513630
513650
513730
513750
513780
513810
513820
513830
513850
513870
513910
513920
513950
513970
515100
515220
515720
516460
517090
517180
517400
517520
519023
519024
519078
519121
519122
519136
519138
519152
519153
519188
519189
519199
519220
519226
519322
519323
519324
519325
519328
519329
519330
519331
519332
519333
519334
519335
519505
519506
519507
519508
519509
519510
519511
519512
519516
519517
519518
519519
519566
519567
519568
519588
519589
519622
519632
519669
519675
519717
519722
519723
519725
519740
519743
519746
519748
519753
519762
519763
519776
519777
519782
519783
519784
519785
519786
519787
519800
519801
519858
519859
519878
519879
519888
519889
519898
519899
519940
519941
519942
519943
519944
519945
519972
519973
519985
519998
519999
520500
520510
520520
520550
520560
520580
520600
520620
520660
520670
520690
520700
520720
520830
520840
520860
520880
520890
520900
520920
520940
520960
520970
520980
520990
530000
530002
530014
530021
530028
530029
530030
530050
530080
530100
530180
530280
530300
530380
530530
530580
530680
530800
530880
531021
531028
531030
540011
541011
550010
550011
550012
550013
550018
550019
551000
551030
551060
551300
551500
551510
551520
551550
551560
551580
551800
551900
560020
560030
560070
560090
560120
560150
560170
560180
560190
560220
560280
560300
560330
560350
560360
560380
560510
560520
560530
560570
560580
560590
560610
560620
560630
560690
560700
560750
560770
560780
560810
560820
560850
560860
560880
560890
560950
561010
561060
561080
561090
561100
561120
561170
561200
561220
561230
561260
561280
561360
561380
561560
561570
561580
561680
561700
561750
561760
561770
561780
561790
561870
561880
561930
561950
561960
561980
562030
562050
562060
562080
562330
562340
562380
562530
562550
562560
562570
562580
562590
562660
562700
562810
562820
562850
562870
562890
562920
562930
562950
562960
562970
563010
563020
563030
563050
563060
563080
563090
563150
563180
563200
563210
563220
563230
563280
563300
563320
563330
563350
563360
563380
563390
563500
563520
563550
563570
563580
563590
563600
563620
563630
563650
563660
563670
563680
563690
563700
563750
563760
563770
563780
563800
563830
563860
563880
563890
563900
563990
583001
583101
588020
588040
588070
588100
588110
588130
588140
588170
588200
588230
588240
588250
588260
588270
588290
588450
588500
588520
588550
588660
588670
588680
588690
588710
588720
588730
588750
588760
588770
588780
588790
588810
588820
588830
588840
588850
588860
588870
588890
588910
588920
588930
588940
588950
588960
588980
588990
589000
589010
589020
589050
589060
589080
589090
589100
589110
589120
589180
589200
589300
589380
589500
589520
589550
589560
589580
589600
589630
589660
589680
589700
589720
589770
589780
589800
589820
589850
589860
589880
589890
589900
589950
589960
589980
589990
590009
590010
620009
620010
620011
630012
630112
650001
650002
660002
660007
660016
660102
660107
675031
675032
675041
675043
675061
675062
675071
675072
675093
675100
675111
675113
675121
675123
675161
675163
686868
686869
690010
690012
690210
710501
710502
730003
730103
740601
740602
750002
750003
750006
750007
850003
850011
851830
851836
851890
851896
851900
851986
855001
860012
860033
860035
860050
863001
870007
870015
872003
872015
872016
872017
872018
872020
872025
872027
872028
872031
872032
873001
879998
880002
880009
880013
881010
881011
881012
882118
890017
900016
900018
900019
900039
900055
900188
920019
920187
931204
933333
938666
940018
940037
952001
952003
952050
952100
952303
960009
960010
960013
960014
960015
960019
960022
960023
960025
960026
960030
960032
960033
960034
960035
960036
960040
960041
970003
970004
970005
970006
970007
970008
970022
970024
970025
970029
970030
970031
970034
970035
970036
970037
970054
970055
970056
970057
970063
970072
970084
970085
970086
970096
970097
970098
970099
970105
970109
970110
970111
970115
970122
970123
970129
970132
970133
970134
970135
970140
970141
970144
970145
970146
970147
970152
970153
970154
970155
970156
970157
970158
970159
970161
970162
970163
970164
970165
970166
970167
970168
970169
970170
970172
970173
970174
970175
970176
970177
970178
970179
970180
970181
970182
970183
970186
970187
970188
970189
970190
970191
970192
970193
970196
970197
970198
970199
970200
970201
970202
970203
970204
970205
970206
970207
970208
970209
970210
970211
970212
970213
970214
