000005
000009
000010
000013
000015
000016
000024
000025
000032
000033
000069
000074
000077
000084
000085
000105
000106
000107
000109
000111
000112
000116
000122
000123
000128
000129
000130
000137
000138
000139
000141
000152
000153
000174
000181
000182
000183
000186
000187
000188
000191
000192
000194
000197
000198
000201
000203
000204
000205
000206
000210
000211
000212
000213
000227
000252
000253
000265
000266
000267
000271
000272
000277
000286
000289
000298
000300
000301
000305
000306
000310
000319
000320
000324
000325
000330
000331
000332
000335
000343
000345
000346
000347
000351
000352
000359
000366
000369
000371
000379
000380
000381
000389
000394
000395
000396
000397
000415
000416
000424
000425
000434
000436
000464
000465
000469
000475
000476
000483
000484
000493
000494
000495
000503
000504
000505
000506
000509
000516
000517
000521
000528
000533
000539
000540
000542
000543
000546
000548
000552
000553
000559
000560
000569
000573
000575
000576
000580
000581
000588
000599
000600
000602
000604
000605
000606
000607
000615
000618
000620
000621
000625
000626
000627
000638
000640
000641
000642
000644
000645
000647
000648
000650
000651
000655
000662
000665
000668
000669
000677
000678
000681
000682
000683
000686
000687
000693
000694
000699
000700
000701
000704
000705
000707
000709
000710
000712
000713
000716
000719
000721
000722
000724
000725
000726
000730
000734
000735
000736
000740
000741
000748
000750
000758
000759
000760
000764
000771
000773
000779
000783
000784
000785
000786
000787
000789
000790
000797
000801
000802
000814
000816
000818
000829
000830
000832
000836
000837
000839
000840
000846
000847
000848
000855
000857
000860
000861
000862
000863
000868
000869
000871
000872
000873
000874
000882
000883
000891
000895
000898
000899
000903
000905
000907
000908
000910
000911
000912
000914
000917
000920
000921
000922
000923
000931
000943
000980
000981
000982
001006
001010
001026
001077
001078
001094
001095
001096
001101
001122
001123
001134
001175
001176
001177
001211
001232
001233
001234
001235
001240
001246
001247
001251
001299
001308
001316
001338
001355
001356
001369
001374
001386
001391
001401
001470
001477
001478
001526
001527
001529
001545
001546
001578
001619
001621
001624
001625
001661
001666
001669
001697
001698
001699
001710
001711
001776
001783
001784
001794
001800
001812
001819
001820
001821
001826
001842
001843
001867
001868
001870
001871
001893
001894
001895
001906
001909
001911
001916
001925
001926
001929
001930
001931
001937
001941
001950
001957
001961
001968
001969
001973
001981
001982
001987
001988
001989
001991
001992
001993
002015
002018
002019
002049
002065
002066
002073
002074
002077
002078
002086
002091
002109
002116
002117
002128
002140
002143
002146
002147
002169
002175
002183
002184
002185
002188
002195
002198
002200
002201
002202
002218
002234
002235
002243
002245
002246
002247
002248
002254
002255
002260
002265
002274
002275
002298
002299
002302
002318
002324
002325
002336
002338
002341
002344
002354
002361
002377
002404
002438
002442
002452
002466
002469
002483
002486
002490
002491
002507
002519
002520
002523
002524
002528
002529
002546
002548
002549
002550
002552
002568
002569
002578
002592
002603
002632
002633
002635
002638
002646
002647
002650
002659
002672
002673
002679
002680
002698
002704
002709
002710
002716
002722
002733
002747
002748
002750
002753
002754
002755
002756
002757
002758
002759
002760
002775
002788
002795
002796
002797
002805
002807
002811
002812
002817
002818
002825
002828
002829
002832
002847
002852
002855
002864
002865
002868
002869
002881
002882
002883
002884
002889
002890
002894
002895
002898
002899
002904
002905
002912
002915
002917
002918
002920
002925
002928
002929
002930
002936
002937
002957
002958
002960
002964
002970
002985
002991
002994
002995
002996
002997
003002
003003
003009
003010
003013
003014
003022
003024
003034
003039
003040
003041
003042
003043
003050
003056
003071
003072
003073
003074
003075
003078
003081
003082
003102
003103
003121
003130
003155
003156
003157
003159
003160
003162
003163
003164
003171
003179
003185
003187
003188
003192
003193
003195
003196
003199
003200
003206
003207
003210
003213
003214
003220
003223
003226
003227
003228
003229
003246
003252
003253
003258
003259
003260
003264
003265
003266
003267
003268
003269
003270
003277
003278
003280
003281
003285
003287
003288
003290
003297
003309
003310
003313
003314
003315
003316
003317
003324
003325
003327
003328
003329
003330
003337
003349
003357
003363
003364
003365
003388
003389
003390
003391
003392
003393
003395
003398
003399
003400
003402
003407
003408
003411
003412
003417
003418
003422
003423
003424
003428
003429
003440
003442
003445
003448
003449
003450
003452
003453
003454
003455
003457
003460
003461
003465
003467
003468
003473
003474
003478
003479
003480
003481
003482
003483
003487
003498
003499
003500
003502
003503
003515
003517
003518
003519
003520
003521
003525
003526
003527
003528
003529
003532
003533
003534
003535
003536
003537
003538
003539
003545
003547
003549
003564
003566
003568
003569
003571
003573
003574
003583
003584
003585
003588
003589
003590
003605
003607
003612
003614
003615
003618
003619
003637
003638
003640
003648
003650
003651
003656
003657
003665
003668
003669
003671
003672
003673
003674
003678
003679
003681
003696
003708
003709
003711
003712
003728
003730
003734
003735
003741
003742
003746
003747
003748
003752
003753
003767
003768
003770
003788
003792
003793
003794
003795
003796
003811
003812
003816
003819
003824
003825
003837
003838
003841
003847
003859
003860
003867
003869
003871
003874
003875
003888
003891
003898
003922
003923
003926
003927
003929
003930
003949
003952
003953
003963
003968
003969
003978
003979
003983
003994
003997
003998
003999
004001
004002
004010
004011
004020
004021
004022
004024
004027
004028
004030
004031
004032
004038
004039
004042
004043
004045
004052
004053
004056
004059
004060
004063
004066
004072
004073
004077
004078
004079
004080
004087
004089
004090
004097
004101
004102
004103
004104
004105
004106
004107
004117
004118
004120
004121
004122
004123
004124
004126
004127
004133
004136
004137
004140
004141
004151
004152
004167
004168
004169
004170
004173
004178
004179
004180
004185
004186
004198
004199
004200
004201
004210
004216
004217
004220
004230
004238
004242
004246
004247
004251
004261
004262
004264
004282
004285
004286
004307
004322
004330
004331
004334
004366
004367
004368
004369
004372
004373
004386
004387
004388
004389
004398
004399
004400
004401
004417
004438
004449
004458
004459
004463
004464
004465
004469
004470
004479
004493
004494
004498
004499
004501
004502
004503
004544
004545
004547
004548
004553
004555
004556
004568
004596
004601
004602
004603
004614
004615
004629
004630
004632
004637
004655
004656
004672
004673
004681
004682
004684
004685
004689
004699
004700
004701
004705
004706
004717
004718
004722
004723
004728
004729
004736
004749
004770
004771
004776
004780
004786
004787
004796
004797
004800
004811
004821
004825
004831
004838
004841
004844
004849
004859
004861
004862
004863
004865
004866
004869
004882
004887
004893
004894
004896
004899
004903
004904
004910
004911
004919
004920
004921
004923
004938
004939
004940
004941
004954
004955
004956
004957
004960
004967
004968
004970
004971
004972
004973
004978
004981
004983
004984
004985
005010
005011
005019
005020
005024
005025
005054
005056
005057
005058
005065
005070
005072
005073
005074
005077
005079
005092
005097
005098
005107
005122
005124
005127
005134
005135
005148
005150
005151
005153
005158
005159
005160
005162
005171
005172
005194
005200
005201
005202
005208
005213
005230
005234
005277
005286
005289
005307
005308
005309
005315
005321
005322
005327
005336
005338
005340
005345
005346
005350
005361
005362
005363
005364
005366
005367
005369
005375
005377
005378
005383
005384
005388
005393
005398
005407
005410
005419
005420
005425
005426
005428
005431
005432
005435
005436
005439
005442
005443
005446
005448
005451
005452
005455
005465
005467
005468
005469
005470
005476
005480
005485
005488
005497
005501
005503
005507
005508
005523
005525
005529
005531
005532
005547
005548
005556
005561
005562
005573
005574
005575
005577
005578
005588
005590
005592
005594
005601
005602
005606
005610
005611
005617
005622
005623
005624
005625
005631
005637
005641
005645
005647
005648
005654
005655
005666
005667
005677
005679
005684
005685
005686
005690
005703
005704
005705
005709
005710
005712
005713
005714
005718
005719
005720
005722
005723
005725
005731
005736
005740
005745
005749
005752
005753
005754
005755
005756
005766
005772
005778
005779
005780
005781
005782
005783
005784
005785
005786
005790
005791
005816
005817
005818
005820
005828
005831
005836
005837
005841
005842
005845
005849
005851
005853
005854
005857
005862
005864
005871
005872
005879
005882
005884
005895
005896
005897
005898
005917
005920
005921
005931
005932
005936
005951
005952
005964
005971
005972
005988
005989
005990
005992
005993
005995
005996
006011
006012
006015
006016
006023
006024
006026
006027
006029
006032
006035
006036
006037
006043
006044
006045
006047
006053
006054
006055
006065
006066
006067
006068
006069
006070
006071
006076
006077
006082
006086
006088
006089
006092
006093
006094
006095
006096
006097
006099
006107
006112
006116
006120
006134
006135
006137
006142
006145
006146
006149
006150
006151
006152
006153
006163
006169
006170
006171
006172
006173
006174
006177
006178
006180
006183
006184
006185
006186
006187
006188
006191
006192
006206
006210
006211
006212
006213
006219
006222
006224
006237
006242
006258
006264
006275
006276
006284
006287
006288
006300
006301
006304
006316
006319
006320
006325
006331
006332
006333
006337
006340
006353
006360
006361
006367
006378
006383
006384
006387
006388
006389
006390
006393
006403
006404
006405
006406
006409
006410
006411
006412
006415
006421
006422
006423
006427
006428
006431
006432
006434
006436
006437
006443
006444
006450
006451
006452
006453
006454
006456
006464
006465
006468
006470
006471
006475
006481
006484
006485
006488
006489
006490
006491
006492
006493
006494
006495
006496
006497
006504
006505
006506
006508
006509
006510
006513
006514
006515
006516
006519
006520
006542
006543
006544
006545
006546
006549
006552
006553
006554
006558
006559
006562
006565
006570
006571
006576
006577
006582
006588
006589
006591
006592
006596
006597
006598
006599
006606
006607
006609
006617
006625
006626
006627
006629
006630
006631
006632
006633
006634
006635
006636
006640
006645
006646
006647
006653
006660
006661
006662
006663
006664
006665
006666
006667
006668
006669
006670
006672
006673
006674
006677
006678
006681
006683
006684
006695
006706
006707
006708
006714
006715
006717
006725
006734
006735
006740
006741
006742
006745
006750
006754
006758
006760
006761
006762
006764
006772
006773
006774
006776
006777
006782
006789
006790
006791
006793
006794
006795
006797
006798
006799
006800
006804
006805
006806
006811
006812
006824
006825
006826
006827
006828
006829
006830
006834
006835
006837
006838
006841
006842
006846
006847
006848
006849
006850
006851
006852
006853
006865
006869
006870
006871
006874
006875
006884
006885
006889
006893
006901
006902
006903
006907
006908
006913
006914
006915
006916
006917
006919
006927
006929
006932
006933
006934
006935
006936
006941
006946
006947
006948
006949
006953
006954
006955
006956
006958
006961
006962
006963
006965
006966
006970
006974
006975
006978
006979
006980
006984
006985
006986
006987
006988
006989
006990
006993
006994
006995
006996
006997
006998
006999
007000
007001
007008
007009
007010
007011
007014
007015
007017
007018
007019
007020
007021
007022
007023
007024
007025
007026
007027
007034
007037
007050
007053
007054
007055
007057
007058
007061
007062
007064
007065
007068
007069
007073
007075
007078
007079
007088
007091
007092
007093
007094
007095
007097
007098
007104
007105
007116
007121
007122
007123
007124
007125
007145
007147
007148
007149
007150
007158
007165
007166
007167
007168
007169
007170
007171
007172
007173
007175
007176
007179
007180
007181
007184
007185
007186
007187
007189
007190
007194
007195
007196
007197
007198
007201
007206
007208
007209
007210
007212
007213
007214
007215
007218
007219
007220
007224
007225
007226
007227
007229
007240
007245
007246
007252
007253
007256
007259
007260
007268
007269
007278
007279
007284
007285
007286
007289
007290
007292
007295
007296
007302
007311
007312
007319
007320
007321
007324
007325
007327
007328
007329
007330
007331
007332
007333
007335
007338
007342
007364
007365
007370
007371
007372
007374
007375
007376
007377
007378
007385
007390
007394
007395
007396
007406
007408
007409
007414
007417
007418
007419
007420
007425
007426
007428
007429
007430
007433
007435
007440
007442
007447
007451
007454
007456
007457
007458
007461
007462
007466
007467
007478
007482
007485
007486
007488
007489
007492
007495
007496
007507
007508
007509
007510
007511
007513
007515
007516
007517
007520
007521
007522
007525
007526
007529
007530
007532
007535
007536
007537
007540
007542
007543
007544
007545
007546
007551
007552
007554
007557
007558
007559
007560
007561
007562
007563
007564
007567
007568
007572
007573
007576
007582
007583
007584
007585
007587
007588
007589
007591
007603
007604
007616
007617
007618
007635
007636
007637
007640
007644
007645
007647
007655
007656
007659
007670
007676
007677
007680
007681
007682
007699
007703
007704
007706
007707
007710
007711
007712
007714
007715
007716
007717
007730
007736
007738
007739
007740
007741
007756
007758
007759
007761
007762
007765
007766
007767
007769
007772
007778
007790
007791
007805
007823
007824
007828
007829
007836
007837
007838
007845
007852
007859
007860
007864
007866
007867
007868
007869
007870
007871
007877
007878
007888
007889
007908
007912
007913
007914
007915
007916
007920
007926
007928
007935
007936
007941
007942
007946
007947
007948
007953
007954
007956
007957
007958
007962
007963
007964
007967
007969
007970
007979
007981
007985
007986
007987
007990
007991
007996
007997
007998
007999
008000
008002
008003
008004
008010
008011
008014
008015
008016
008017
008018
008019
008030
008031
008040
008042
008043
008046
008047
008048
008049
008064
008080
008081
008104
008105
008106
008108
008109
008114
008115
008117
008122
008123
008125
008126
008130
008170
008173
008176
008191
008192
008193
008204
008205
008207
008214
008215
008216
008217
008219
008223
008226
008231
008242
008243
008255
008268
008269
008270
008278
008287
008288
008296
008333
008338
008339
008344
008349
008352
008355
008383
008393
008406
008429
008448
008449
008460
008471
008472
008486
008487
008493
008497
008498
008503
008548
008549
008550
008554
008568
008596
008597
008644
008645
008651
008661
008677
008733
008739
008742
020007
020031
020032
040003
040026
040038
040039
040040
040041
041003
050003
050027
070008
070009
070028
070029
070037
070038
070088
080011
090005
090022
091005
091022
100018
100025
100028
100058
100066
100068
100072
100073
110006
110016
110037
110038
110052
110053
121009
121011
128011
150005
150015
150988
150998
159001
159002
159003
159004
159005
159006
159972
160128
160129
160606
160609
160618
161014
161015
161019
161115
161117
161119
161120
161608
161614
161615
161622
161623
161713
161716
161820
162206
162715
162716
163005
163007
163802
163820
163907
164210
164509
164510
164606
164703
164902
165530
166014
166015
166016
166401
167501
167504
167505
180008
180009
200003
200009
200103
202301
202302
202307
202308
206015
206018
210012
210013
213009
213909
217003
217004
217011
217014
217022
217024
217203
240003
240006
240007
253050
253051
260102
260202
261002
261102
270004
270009
270014
270044
270045
270048
270049
288101
288102
288201
290001
290007
290009
310338
310339
320002
320019
340005
350004
360003
360008
360009
370010
370011
380005
380006
380009
392001
392002
400005
400006
400009
410002
420006
420106
450018
450019
460003
460006
460008
460106
460108
470014
470060
470078
472007
482002
501100
511020
511060
511220
511260
511270
511600
511620
511650
511660
511670
511690
511700
511770
511800
511810
511820
511830
511850
511860
511880
511900
511910
511920
511930
511950
511960
511970
511980
511990
512890
519023
519024
519078
519121
519122
519136
519138
519152
519153
519188
519189
519199
519220
519226
519322
519323
519324
519325
519328
519329
519330
519331
519332
519333
519334
519335
519505
519506
519507
519508
519509
519510
519511
519512
519516
519517
519518
519519
519566
519567
519568
519588
519589
519622
519632
519669
519675
519723
519725
519740
519743
519746
519748
519753
519762
519763
519776
519777
519782
519783
519784
519785
519786
519787
519800
519801
519858
519859
519878
519879
519888
519889
519898
519899
519940
519941
519942
519943
519944
519945
519972
519973
519985
519998
519999
530002
530021
531021
540011
541011
550010
550011
550018
550019
583001
583101
590009
590010
620009
620010
620011
630012
630112
650001
650002
660002
660007
660102
660107
675031
675032
675041
675043
675061
675062
675071
675072
675093
675100
675111
675113
675121
675123
675161
675163
686868
686869
690010
690210
710501
710502
730003
730103
740601
740602
750002
750003
750006
750007
900019
900039
