007303
007304
008269
008270
008576
008577
009098
010441
010443
010670
010862
011759
011760
011830
011831
011849
012669
012670
013033
013034
013166
013167
013463
013464
013853
013854
013914
013958
013959
014329
014449
014450
014524
014525
014771
014772
014829
014830
014859
014860
014975
015143
015233
015245
015368
015369
015400
015401
015485
015486
015504
015519
015520
015564
015565
015566
015856
015857
015880
015881
015976
015977
015984
015985
015987
015988
016045
016046
016198
016234
016248
016249
016252
016253
016272
016273
016303
016304
016307
016308
016325
016326
016332
016388
016389
016466
016467
016475
016476
016477
016478
016500
016501
016507
016508
016515
016516
016523
016568
016569
016605
016606
016703
016704
016746
016747
016774
016775
016810
016811
016840
016841
016945
016978
016979
017000
017001
017026
017027
017043
017075
017076
017086
017087
017090
017102
017103
017112
017113
017114
017115
017130
017131
017142
017143
017181
017182
017199
017200
017216
017217
017230
017231
017234
017244
017245
017261
017262
017303
017304
017415
017416
017424
017425
017458
017477
017478
017490
017491
017532
017533
017537
017549
017550
017551
017552
017564
017600
017601
017602
017603
017606
017607
017608
017609
017627
017630
017631
017639
017640
017655
017656
017663
017664
017669
017670
017702
017703
017707
017715
017716
017719
017720
017721
017722
017732
017735
017736
017740
017741
017742
017743
017749
017750
017757
017759
017764
017765
017772
017773
017784
017794
017795
017801
017802
017811
017821
017826
017827
017828
017829
017835
017836
017839
017840
017842
017843
017850
017851
017857
017858
017866
017867
017868
017869
017881
017882
017927
017935
017936
017947
017960
017961
017964
017965
017968
017973
017974
017987
017988
017991
017992
018000
018001
018002
018003
018004
018005
018008
018010
018019
018020
018071
018072
018101
018102
018105
018106
018118
018119
018122
018123
018124
018125
018130
018131
018148
018184
018185
018190
018191
018210
018211
018217
018218
018220
018221
018225
018235
018236
018242
018243
018244
018245
018248
018249
018281
018282
018287
018288
018294
018295
018309
018311
018325
018326
018327
018328
018329
018330
018332
018333
018342
018347
018351
018352
018375
018376
018381
018382
018401
018402
018404
018405
018409
018410
018413
018418
018419
018438
018439
018442
018443
018446
018460
018461
018469
018504
018505
018547
018548
018549
018550
018554
018555
018572
018573
018582
018583
018611
018612
018656
018693
018698
018699
018705
018706
018707
018714
018726
018727
018730
018731
018750
018751
018752
018753
018754
018755
018776
018777
018788
018796
018797
018806
018807
018815
018816
018818
018819
018821
018822
018823
018824
018835
018836
018848
018862
018863
018865
018866
018870
018872
018876
018877
018886
018887
018901
018902
018910
018911
018916
018917
018918
018919
018933
018937
018938
018939
018940
018944
018945
018956
018957
018963
018973
018974
018985
018986
018987
018990
018991
018993
018994
018999
019000
019003
019004
019006
019007
019015
019016
019018
019030
019031
019034
019051
019052
019054
019055
019085
019086
019089
019092
019094
019106
019107
019113
019114
019115
019116
019119
019120
019126
019127
019136
019137
019143
019144
019153
019159
019160
019181
019189
019190
019194
019219
019220
019225
019226
019227
019228
019257
019258
019277
019278
019293
019294
019295
019296
019297
019298
019299
019300
019308
019309
019310
019322
019323
019328
019329
019334
019335
019336
019337
019340
019341
019342
019343
019347
019348
019351
019352
019353
019354
019355
019356
019357
019358
019360
019361
019362
019363
019367
019368
019371
019374
019375
019376
019379
019384
019387
019388
019389
019392
019393
019401
019410
019411
019421
019422
019423
019426
019427
019430
019431
019432
019433
019434
019435
019436
019437
019438
019440
019468
019469
019470
019471
019478
019497
019498
019499
019501
019521
019522
019523
019535
019536
019570
019571
019574
019575
019587
019588
019597
019600
019601
019610
019611
019612
019613
019617
019618
019619
019620
019621
019624
019625
019628
019629
019690
019691
019705
019706
019720
019721
019722
019723
019729
019730
019740
019741
019743
019744
019747
019760
019761
019773
019774
019777
019778
019780
019781
019782
019783
019784
019796
019797
019800
019801
019820
019821
019829
019830
019864
019865
019876
019877
019888
019889
019913
019914
019915
019925
019949
019950
019952
019953
019958
019959
019960
019961
019969
019970
019972
019973
019982
019983
019985
019986
019987
019991
019992
019997
019998
019999
020000
020037
020038
020052
020053
020054
020057
020058
020062
020063
020064
020065
020071
020072
020075
020076
020086
020087
020090
020091
020107
020117
020118
020124
020138
020139
020151
020152
020155
020158
020159
020162
020163
020168
020169
020186
020187
020193
020194
020224
020225
020231
020233
020254
020265
020266
020267
020268
020269
020270
020287
020288
020303
020304
020305
020306
020364
020365
020408
020409
020410
020416
020417
020419
020420
020424
020425
020428
020429
020430
020431
020440
020441
020442
020443
020469
020470
020474
020475
020488
020491
020492
020493
020494
020495
020496
020497
020498
020503
020510
020511
020523
020558
020559
020560
020561
020567
020568
020587
020588
020593
020594
020600
020601
020624
020637
020638
020645
020646
020648
020649
020653
020654
020657
020658
020661
020662
020669
020693
020695
020696
020755
020758
020779
020780
020799
020800
020801
020802
020803
020804
020816
020817
020821
020822
020830
020831
020842
020843
020875
020876
020877
020884
020885
020918
020919
020922
020923
020964
020966
020967
020975
020976
020977
020979
020980
020985
020986
021015
021016
021027
021028
021046
021047
021062
021094
021095
021145
021146
021147
021148
021179
021180
021181
021182
021194
021195
021198
021199
021202
021203
021204
021205
021219
021227
021247
021248
021271
021272
021273
021274
021305
021306
021308
021309
021333
021334
021364
021369
021370
021372
021373
021382
021383
021390
021391
021404
021405
021427
021428
021431
021432
021448
021450
021451
021455
021456
021476
021477
021489
021490
021491
021492
021501
021502
021510
021511
021512
021513
021514
021515
021516
021524
021525
021526
021541
021576
021577
021585
021586
021590
021591
021593
021594
021623
021624
021626
021627
021631
021632
021636
021637
021642
021647
021648
021650
021651
021655
021656
021663
021664
021665
021666
021692
021693
021699
021700
021711
021712
021726
021727
021730
021731
021734
021755
021756
021792
021793
021812
021813
021814
021815
021826
021827
021857
021858
021859
021860
021864
021865
021884
021885
021899
021900
021904
021905
021910
021911
021918
021919
021920
021925
021957
021965
021966
021967
021968
021973
021974
021975
021976
021981
021982
021985
021986
021987
021990
021991
021995
021996
022000
022001
022028
022029
022030
022038
022039
022092
022093
022115
022116
022119
022120
022148
022149
022150
022153
022154
022157
022158
022167
022195
022196
022206
022211
022212
022222
022223
022224
022225
022237
022238
022269
022270
022276
022277
022286
022287
022288
022320
022321
022332
022333
022334
022335
022336
022337
022364
022365
022368
022414
022415
022416
022417
022446
022447
022488
022489
022495
022496
022508
022520
022521
022522
022572
022573
022590
022597
022598
022607
022645
022693
022694
022700
022701
022702
022703
022704
022705
022708
022709
022717
022718
022733
022734
022740
022748
022749
022802
022803
022846
022847
022852
022853
022864
022865
022995
022996
023032
023033
023036
023037
023044
023045
023082
023083
023084
023099
023100
023103
023106
023107
023135
023136
023158
023159
023169
023170
023173
023174
023176
023193
023262
023263
023264
023265
023269
023313
023314
023344
023345
023350
023362
023363
023365
023366
023386
023387
023393
023394
023397
023398
023420
023421
023433
023434
023448
023449
023451
023452
023457
023458
023526
023527
023549
023560
023561
023566
023567
023570
023571
023584
023585
023602
023603
023623
023624
023632
023633
023674
023675
023713
023750
023751
023753
023754
023761
023762
023780
023781
023806
023807
023824
023825
023839
023840
023856
023871
023872
023875
023881
023899
023900
023915
023921
023922
023925
023931
024023
024024
024027
024028
024044
024045
024052
024053
024087
024088
024108
024114
024120
024159
024160
024171
024172
024173
024175
024176
024187
024188
024202
024203
024207
024214
024215
024235
024240
024260
024261
024262
024265
024268
024271
024272
024317
024318
024319
024320
024344
024354
024355
024356
024357
024358
024361
024362
024373
024374
024379
024380
024385
024386
024388
024389
024396
024397
024398
024399
024406
024413
024414
024421
024422
024423
024424
024427
024429
024430
024431
024432
024433
024434
024435
024436
024437
024438
024439
024440
024441
024442
024443
024444
024445
024446
024447
024448
024449
024450
024451
024454
024455
024456
024457
024458
024459
024460
024461
024462
024463
024464
024465
024466
024467
024468
024469
024470
024471
024472
024473
024474
024475
024476
024477
024480
024481
024498
024499
024500
024501
024502
024534
024535
024592
024593
024594
024595
024596
024597
024598
024599
024632
024633
024640
024641
024647
024648
024667
024672
024673
024674
024675
024676
024677
024678
024679
024680
024683
024684
024685
024686
024687
024691
024692
024693
024694
024697
024698
024699
024717
024718
024727
024729
024730
024735
024736
024737
024738
024747
024786
024787
024790
024791
024794
024795
024796
024797
024800
024801
024802
024803
024806
024807
024808
024809
024824
024825
024830
024831
024836
024837
024838
024852
024889
024914
024915
024916
024917
024918
024923
024924
024928
024929
024930
024931
024932
024933
024934
024935
024964
024965
025002
025017
025018
025022
025023
025024
025057
025058
025059
025060
025061
025065
025066
025073
025074
025075
025076
025077
025078
025094
025103
025112
025172
025173
025191
025192
025208
025209
025216
025217
025231
025232
025287
025288
025298
025299
025331
025332
025333
025349
025350
025382
025395
025408
025409
025421
025422
025428
025429
025442
025447
025448
025459
025460
025470
025471
025472
025486
025487
025499
025500
025527
025528
025542
025543
025544
025545
025557
025572
025648
025649
025656
025657
025663
025709
025710
501227
872018
872020
872025
920019
960010
960013
960014
960015
960019
960023
960025
960026
960032
960033
960041
970206
