000436
001355
001356
002015
002146
002147
002176
005523
005679
005686
006175
006176
006353
007385
008356
008488
008893
008894
009005
009006
009100
009124
009125
009164
009268
009269
009493
009494
009927
009928
010036
010038
010056
010057
010605
010606
010747
010748
011018
011019
011048
011049
011052
011053
011118
011208
011209
011249
011250
011554
011555
011803
011804
011997
011998
012137
012138
012256
012257
012270
012594
012595
012609
012610
012701
012702
012945
012946
012953
012954
012991
013193
013194
013225
013226
013243
013267
013268
013360
013611
013612
013824
013912
013969
013970
013995
013996
014094
014148
014149
014440
014579
014580
014593
014625
014626
014657
014658
014678
014679
014697
014698
014730
014731
014759
014760
014767
014768
014809
014810
014852
014853
014888
014889
014892
014893
014904
014905
014926
014944
014945
015235
015272
015273
015817
015824
016071
016181
016259
016344
016528
016529
016545
016546
016547
016548
016637
016641
016642
016654
016655
016682
016683
016826
016827
016830
016831
016832
016833
016834
016835
016844
016845
016863
016864
017011
017012
017060
017061
017077
017078
017079
017080
017081
017082
017083
017084
017096
017097
017118
017119
017151
017220
017221
017224
017225
017232
017233
017265
017266
017298
017299
017389
017390
017414
017421
017422
017454
017455
017464
017507
017540
017541
017553
017568
017569
017575
017576
017615
017616
017617
017618
017619
017620
017624
017625
017689
017692
017739
017769
017770
017886
017887
017912
017913
017957
018037
018054
018055
018198
018199
018212
018213
018250
018251
018455
018456
018465
018466
018493
018494
018525
018526
018539
018540
018603
018620
018621
018626
018627
018635
018636
018648
018703
018704
019065
019110
019130
019131
019148
019187
019188
019195
019242
019349
019350
019370
019651
019660
019692
019693
019697
019698
019699
019712
019713
019718
019719
019727
019728
019752
019753
019787
019788
019926
020098
020099
020326
020354
020355
020358
020359
020366
020385
020386
020623
020929
021164
021312
021599
021795
021796
021821
021845
021871
022047
022076
022161
022193
022194
022283
022296
022298
022361
022369
022370
022372
022373
022478
022507
022547
022548
022550
022551
022554
022555
022556
022596
022970
022985
023013
023014
023049
023054
023081
023134
023232
023233
023244
023245
023354
023417
023443
023542
023543
023606
023667
023770
023868
023924
023978
024164
024191
024511
024638
024639
024645
024646
025116
025214
025215
025352
025353
025355
025356
025358
025359
025425
025434
920187
970115
970193
